Variables="x","y","T"

0.000000, 0.200000, 100.000000
0.025641, 0.200000, 100.000000
0.051282, 0.200000, 100.000000
0.076923, 0.200000, 100.000000
0.102564, 0.200000, 100.000000
0.128205, 0.200000, 100.000000
0.153846, 0.200000, 100.000000
0.179487, 0.200000, 100.000000
0.205128, 0.200000, 100.000000
0.230769, 0.200000, 100.000000
0.256410, 0.200000, 100.000000
0.282051, 0.200000, 100.000000
0.307692, 0.200000, 100.000000
0.333333, 0.200000, 100.000000
0.358974, 0.200000, 100.000000
0.384615, 0.200000, 100.000000
0.410256, 0.200000, 100.000000
0.435897, 0.200000, 100.000000
0.461538, 0.200000, 100.000000
0.487179, 0.200000, 100.000000
0.512821, 0.200000, 100.000000
0.538462, 0.200000, 100.000000
0.564103, 0.200000, 100.000000
0.589744, 0.200000, 100.000000
0.615385, 0.200000, 100.000000
0.641026, 0.200000, 100.000000
0.666667, 0.200000, 100.000000
0.692308, 0.200000, 100.000000
0.717949, 0.200000, 100.000000
0.743590, 0.200000, 100.000000
0.769231, 0.200000, 100.000000
0.794872, 0.200000, 100.000000
0.820513, 0.200000, 100.000000
0.846154, 0.200000, 100.000000
0.871795, 0.200000, 100.000000
0.897436, 0.200000, 100.000000
0.923077, 0.200000, 100.000000
0.948718, 0.200000, 100.000000
0.974359, 0.200000, 100.000000
1.000000, 0.200000, 100.000000
1.025641, 0.200000, 0.000000
1.051282, 0.200000, 11.890243
1.076923, 0.200000, 21.732271
1.102564, 0.200000, 29.911300
1.128205, 0.200000, 36.733681
1.153846, 0.200000, 42.443715
1.179487, 0.200000, 47.236748
1.205128, 0.200000, 51.269382
1.230769, 0.200000, 54.667455
1.256410, 0.200000, 57.532282
0.000000, 0.195918, 0.000000
0.025641, 0.195918, 11.890243
0.051282, 0.195918, 21.732271
0.076923, 0.195918, 29.911300
0.102564, 0.195918, 36.733681
0.128205, 0.195918, 42.443715
0.153846, 0.195918, 47.236748
0.179487, 0.195918, 51.269382
0.205128, 0.195918, 54.667455
0.230769, 0.195918, 57.532282
0.256410, 0.195918, 59.945553
0.282051, 0.195918, 61.973165
0.307692, 0.195918, 63.668248
0.333333, 0.195918, 65.073522
0.358974, 0.195918, 66.223153
0.384615, 0.195918, 67.144204
0.410256, 0.195918, 67.857748
0.435897, 0.195918, 68.379725
0.461538, 0.195918, 68.721574
0.487179, 0.195918, 68.890687
0.512821, 0.195918, 68.890687
0.538462, 0.195918, 68.721574
0.564103, 0.195918, 68.379725
0.589744, 0.195918, 67.857748
0.615385, 0.195918, 67.144204
0.641026, 0.195918, 66.223153
0.666667, 0.195918, 65.073522
0.692308, 0.195918, 63.668248
0.717949, 0.195918, 61.973165
0.743590, 0.195918, 59.945553
0.769231, 0.195918, 57.532282
0.794872, 0.195918, 54.667455
0.820513, 0.195918, 51.269382
0.846154, 0.195918, 47.236748
0.871795, 0.195918, 42.443715
0.897436, 0.195918, 36.733681
0.923077, 0.195918, 29.911300
0.948718, 0.195918, 21.732271
0.974359, 0.195918, 11.890243
1.000000, 0.195918, 0.000000
1.025641, 0.195918, 0.000000
1.051282, 0.195918, 4.611590
1.076923, 0.195918, 9.093378
1.102564, 0.195918, 13.361607
1.128205, 0.195918, 17.365225
1.153846, 0.195918, 21.076117
1.179487, 0.195918, 24.481989
1.205128, 0.195918, 27.581193
1.230769, 0.195918, 30.378996
1.256410, 0.195918, 32.884903
0.000000, 0.191837, 0.000000
0.025641, 0.191837, 4.611590
0.051282, 0.191837, 9.093378
0.076923, 0.191837, 13.361607
0.102564, 0.191837, 17.365225
0.128205, 0.191837, 21.076117
0.153846, 0.191837, 24.481989
0.179487, 0.191837, 27.581193
0.205128, 0.191837, 30.378996
0.230769, 0.191837, 32.884903
0.256410, 0.191837, 35.110748
0.282051, 0.191837, 37.069351
0.307692, 0.191837, 38.773586
0.333333, 0.191837, 40.235735
0.358974, 0.191837, 41.467057
0.384615, 0.191837, 42.477503
0.410256, 0.191837, 43.275533
0.435897, 0.191837, 43.868000
0.461538, 0.191837, 44.260086
0.487179, 0.191837, 44.455259
0.512821, 0.191837, 44.455259
0.538462, 0.191837, 44.260086
0.564103, 0.191837, 43.868000
0.589744, 0.191837, 43.275533
0.615385, 0.191837, 42.477503
0.641026, 0.191837, 41.467057
0.666667, 0.191837, 40.235735
0.692308, 0.191837, 38.773586
0.717949, 0.191837, 37.069351
0.743590, 0.191837, 35.110748
0.769231, 0.191837, 32.884903
0.794872, 0.191837, 30.378996
0.820513, 0.191837, 27.581193
0.846154, 0.191837, 24.481989
0.871795, 0.191837, 21.076117
0.897436, 0.191837, 17.365225
0.923077, 0.191837, 13.361607
0.948718, 0.191837, 9.093378
0.974359, 0.191837, 4.611590
1.000000, 0.191837, 0.000000
1.025641, 0.191837, 0.000000
1.051282, 0.191837, 2.455432
1.076923, 0.191837, 4.882407
1.102564, 0.191837, 7.254607
1.128205, 0.191837, 9.548934
1.153846, 0.191837, 11.745901
1.179487, 0.191837, 13.829614
1.205128, 0.191837, 15.787515
1.230769, 0.191837, 17.609994
1.256410, 0.191837, 19.289959
0.000000, 0.187755, 0.000000
0.025641, 0.187755, 2.455432
0.051282, 0.187755, 4.882407
0.076923, 0.187755, 7.254607
0.102564, 0.187755, 9.548934
0.128205, 0.187755, 11.745901
0.153846, 0.187755, 13.829614
0.179487, 0.187755, 15.787515
0.205128, 0.187755, 17.609994
0.230769, 0.187755, 19.289959
0.256410, 0.187755, 20.822400
0.282051, 0.187755, 22.203976
0.307692, 0.187755, 23.432643
0.333333, 0.187755, 24.507326
0.358974, 0.187755, 25.427639
0.384615, 0.187755, 26.193649
0.410256, 0.187755, 26.805685
0.435897, 0.187755, 27.264182
0.461538, 0.187755, 27.569568
0.487179, 0.187755, 27.722172
0.512821, 0.187755, 27.722172
0.538462, 0.187755, 27.569568
0.564103, 0.187755, 27.264182
0.589744, 0.187755, 26.805685
0.615385, 0.187755, 26.193649
0.641026, 0.187755, 25.427639
0.666667, 0.187755, 24.507326
0.692308, 0.187755, 23.432643
0.717949, 0.187755, 22.203976
0.743590, 0.187755, 20.822400
0.769231, 0.187755, 19.289959
0.794872, 0.187755, 17.609994
0.820513, 0.187755, 15.787515
0.846154, 0.187755, 13.829614
0.871795, 0.187755, 11.745901
0.897436, 0.187755, 9.548934
0.923077, 0.187755, 7.254607
0.948718, 0.187755, 4.882407
0.974359, 0.187755, 2.455432
1.000000, 0.187755, 0.000000
1.025641, 0.187755, 0.000000
1.051282, 0.187755, 1.422326
1.076923, 0.187755, 2.833043
1.102564, 0.187755, 4.220827
1.128205, 0.187755, 5.574883
1.153846, 0.187755, 6.885131
1.179487, 0.187755, 8.142330
1.205128, 0.187755, 9.338146
1.230769, 0.187755, 10.465176
1.256410, 0.187755, 11.516936
0.000000, 0.183673, 0.000000
0.025641, 0.183673, 1.422326
0.051282, 0.183673, 2.833043
0.076923, 0.183673, 4.220827
0.102564, 0.183673, 5.574883
0.128205, 0.183673, 6.885131
0.153846, 0.183673, 8.142330
0.179487, 0.183673, 9.338146
0.205128, 0.183673, 10.465176
0.230769, 0.183673, 11.516936
0.256410, 0.183673, 12.487818
0.282051, 0.183673, 13.373035
0.307692, 0.183673, 14.168551
0.333333, 0.183673, 14.871006
0.358974, 0.183673, 15.477646
0.384615, 0.183673, 15.986255
0.410256, 0.183673, 16.395086
0.435897, 0.183673, 16.702810
0.461538, 0.183673, 16.908473
0.487179, 0.183673, 17.011455
0.512821, 0.183673, 17.011455
0.538462, 0.183673, 16.908473
0.564103, 0.183673, 16.702810
0.589744, 0.183673, 16.395086
0.615385, 0.183673, 15.986255
0.641026, 0.183673, 15.477646
0.666667, 0.183673, 14.871006
0.692308, 0.183673, 14.168551
0.717949, 0.183673, 13.373035
0.743590, 0.183673, 12.487818
0.769231, 0.183673, 11.516936
0.794872, 0.183673, 10.465176
0.820513, 0.183673, 9.338146
0.846154, 0.183673, 8.142330
0.871795, 0.183673, 6.885131
0.897436, 0.183673, 5.574883
0.923077, 0.183673, 4.220827
0.948718, 0.183673, 2.833043
0.974359, 0.183673, 1.422326
1.000000, 0.183673, 0.000000
1.025641, 0.183673, 0.000000
1.051282, 0.183673, 0.847366
1.076923, 0.183673, 1.688709
1.102564, 0.183673, 2.518080
1.128205, 0.183673, 3.329678
1.153846, 0.183673, 4.117917
1.179487, 0.183673, 4.877473
1.205128, 0.183673, 5.603336
1.230769, 0.183673, 6.290838
1.256410, 0.183673, 6.935680
0.000000, 0.179592, 0.000000
0.025641, 0.179592, 0.847366
0.051282, 0.179592, 1.688709
0.076923, 0.179592, 2.518080
0.102564, 0.179592, 3.329678
0.128205, 0.179592, 4.117917
0.153846, 0.179592, 4.877473
0.179487, 0.179592, 5.603336
0.205128, 0.179592, 6.290838
0.230769, 0.179592, 6.935680
0.256410, 0.179592, 7.533945
0.282051, 0.179592, 8.082101
0.307692, 0.179592, 8.577007
0.333333, 0.179592, 9.015905
0.358974, 0.179592, 9.396415
0.384615, 0.179592, 9.716520
0.410256, 0.179592, 9.974562
0.435897, 0.179592, 10.169230
0.461538, 0.179592, 10.299546
0.487179, 0.179592, 10.364864
0.512821, 0.179592, 10.364864
0.538462, 0.179592, 10.299546
0.564103, 0.179592, 10.169230
0.589744, 0.179592, 9.974562
0.615385, 0.179592, 9.716520
0.641026, 0.179592, 9.396415
0.666667, 0.179592, 9.015905
0.692308, 0.179592, 8.577007
0.717949, 0.179592, 8.082101
0.743590, 0.179592, 7.533945
0.769231, 0.179592, 6.935680
0.794872, 0.179592, 6.290838
0.820513, 0.179592, 5.603336
0.846154, 0.179592, 4.877473
0.871795, 0.179592, 4.117917
0.897436, 0.179592, 3.329678
0.923077, 0.179592, 2.518080
0.948718, 0.179592, 1.688709
0.974359, 0.179592, 0.847366
1.000000, 0.179592, 0.000000
1.025641, 0.179592, 0.000000
1.051282, 0.179592, 0.510130
1.076923, 0.179592, 1.016828
1.102564, 0.179592, 1.516690
1.128205, 0.179592, 2.006374
1.153846, 0.179592, 2.482624
1.179487, 0.179592, 2.942297
1.205128, 0.179592, 3.382386
1.230769, 0.179592, 3.800043
1.256410, 0.179592, 4.192592
0.000000, 0.175510, 0.000000
0.025641, 0.175510, 0.510130
0.051282, 0.175510, 1.016828
0.076923, 0.175510, 1.516690
0.102564, 0.175510, 2.006374
0.128205, 0.175510, 2.482624
0.153846, 0.175510, 2.942297
0.179487, 0.175510, 3.382386
0.205128, 0.175510, 3.800043
0.230769, 0.175510, 4.192592
0.256410, 0.175510, 4.557549
0.282051, 0.175510, 4.892628
0.307692, 0.175510, 5.195759
0.333333, 0.175510, 5.465086
0.358974, 0.175510, 5.698980
0.384615, 0.175510, 5.896041
0.410256, 0.175510, 6.055097
0.435897, 0.175510, 6.175210
0.461538, 0.175510, 6.255677
0.487179, 0.175510, 6.296028
0.512821, 0.175510, 6.296028
0.538462, 0.175510, 6.255677
0.564103, 0.175510, 6.175210
0.589744, 0.175510, 6.055097
0.615385, 0.175510, 5.896041
0.641026, 0.175510, 5.698980
0.666667, 0.175510, 5.465086
0.692308, 0.175510, 5.195759
0.717949, 0.175510, 4.892628
0.743590, 0.175510, 4.557549
0.769231, 0.175510, 4.192592
0.794872, 0.175510, 3.800043
0.820513, 0.175510, 3.382386
0.846154, 0.175510, 2.942297
0.871795, 0.175510, 2.482624
0.897436, 0.175510, 2.006374
0.923077, 0.175510, 1.516690
0.948718, 0.175510, 1.016828
0.974359, 0.175510, 0.510130
1.000000, 0.175510, 0.000000
1.025641, 0.175510, 0.000000
1.051282, 0.175510, 0.308362
1.076923, 0.175510, 0.614695
1.102564, 0.175510, 0.916983
1.128205, 0.175510, 1.213241
1.153846, 0.175510, 1.501528
1.179487, 0.175510, 1.779960
1.205128, 0.175510, 2.046727
1.230769, 0.175510, 2.300097
1.256410, 0.175510, 2.538435
0.000000, 0.171429, 0.000000
0.025641, 0.171429, 0.308362
0.051282, 0.171429, 0.614695
0.076923, 0.171429, 0.916983
0.102564, 0.171429, 1.213241
0.128205, 0.171429, 1.501528
0.153846, 0.171429, 1.779960
0.179487, 0.171429, 2.046727
0.205128, 0.171429, 2.300097
0.230769, 0.171429, 2.538435
0.256410, 0.171429, 2.760210
0.282051, 0.171429, 2.964004
0.307692, 0.171429, 3.148520
0.333333, 0.171429, 3.312589
0.358974, 0.171429, 3.455175
0.384615, 0.171429, 3.575384
0.410256, 0.171429, 3.672462
0.435897, 0.171429, 3.745805
0.461538, 0.171429, 3.794954
0.487179, 0.171429, 3.819605
0.512821, 0.171429, 3.819605
0.538462, 0.171429, 3.794954
0.564103, 0.171429, 3.745805
0.589744, 0.171429, 3.672462
0.615385, 0.171429, 3.575384
0.641026, 0.171429, 3.455175
0.666667, 0.171429, 3.312589
0.692308, 0.171429, 3.148520
0.717949, 0.171429, 2.964004
0.743590, 0.171429, 2.760210
0.769231, 0.171429, 2.538435
0.794872, 0.171429, 2.300097
0.820513, 0.171429, 2.046727
0.846154, 0.171429, 1.779960
0.871795, 0.171429, 1.501528
0.897436, 0.171429, 1.213241
0.923077, 0.171429, 0.916983
0.948718, 0.171429, 0.614695
0.974359, 0.171429, 0.308362
1.000000, 0.171429, 0.000000
1.025641, 0.171429, 0.000000
1.051282, 0.171429, 0.186702
1.076923, 0.171429, 0.372185
1.102564, 0.171429, 0.555240
1.128205, 0.171429, 0.734675
1.153846, 0.171429, 0.909319
1.179487, 0.171429, 1.078038
1.205128, 0.171429, 1.239734
1.230769, 0.171429, 1.393361
1.256410, 0.171429, 1.537923
0.000000, 0.167347, 0.000000
0.025641, 0.167347, 0.186702
0.051282, 0.167347, 0.372185
0.076923, 0.167347, 0.555240
0.102564, 0.167347, 0.734675
0.128205, 0.167347, 0.909319
0.153846, 0.167347, 1.078038
0.179487, 0.167347, 1.239734
0.205128, 0.167347, 1.393361
0.230769, 0.167347, 1.537923
0.256410, 0.167347, 1.672485
0.282051, 0.167347, 1.796181
0.307692, 0.167347, 1.908215
0.333333, 0.167347, 2.007865
0.358974, 0.167347, 2.094494
0.384615, 0.167347, 2.167547
0.410256, 0.167347, 2.226557
0.435897, 0.167347, 2.271146
0.461538, 0.167347, 2.301031
0.487179, 0.167347, 2.316022
0.512821, 0.167347, 2.316022
0.538462, 0.167347, 2.301031
0.564103, 0.167347, 2.271146
0.589744, 0.167347, 2.226557
0.615385, 0.167347, 2.167547
0.641026, 0.167347, 2.094494
0.666667, 0.167347, 2.007865
0.692308, 0.167347, 1.908215
0.717949, 0.167347, 1.796181
0.743590, 0.167347, 1.672485
0.769231, 0.167347, 1.537923
0.794872, 0.167347, 1.393361
0.820513, 0.167347, 1.239734
0.846154, 0.167347, 1.078038
0.871795, 0.167347, 0.909319
0.897436, 0.167347, 0.734675
0.923077, 0.167347, 0.555240
0.948718, 0.167347, 0.372185
0.974359, 0.167347, 0.186702
1.000000, 0.167347, 0.000000
1.025641, 0.167347, 0.000000
1.051282, 0.167347, 0.113115
1.076923, 0.167347, 0.225494
1.102564, 0.167347, 0.336408
1.128205, 0.167347, 0.445134
1.153846, 0.167347, 0.550968
1.179487, 0.167347, 0.653222
1.205128, 0.167347, 0.751231
1.230769, 0.167347, 0.844361
1.256410, 0.167347, 0.932008
0.000000, 0.163265, 0.000000
0.025641, 0.163265, 0.113115
0.051282, 0.163265, 0.225494
0.076923, 0.163265, 0.336408
0.102564, 0.163265, 0.445134
0.128205, 0.163265, 0.550968
0.153846, 0.163265, 0.653222
0.179487, 0.163265, 0.751231
0.205128, 0.163265, 0.844361
0.230769, 0.163265, 0.932008
0.256410, 0.163265, 1.013605
0.282051, 0.163265, 1.088623
0.307692, 0.163265, 1.156577
0.333333, 0.163265, 1.217029
0.358974, 0.163265, 1.269588
0.384615, 0.163265, 1.313915
0.410256, 0.163265, 1.349724
0.435897, 0.163265, 1.376784
0.461538, 0.163265, 1.394922
0.487179, 0.163265, 1.404020
0.512821, 0.163265, 1.404020
0.538462, 0.163265, 1.394922
0.564103, 0.163265, 1.376784
0.589744, 0.163265, 1.349724
0.615385, 0.163265, 1.313915
0.641026, 0.163265, 1.269588
0.666667, 0.163265, 1.217029
0.692308, 0.163265, 1.156577
0.717949, 0.163265, 1.088623
0.743590, 0.163265, 1.013605
0.769231, 0.163265, 0.932008
0.794872, 0.163265, 0.844361
0.820513, 0.163265, 0.751231
0.846154, 0.163265, 0.653222
0.871795, 0.163265, 0.550968
0.897436, 0.163265, 0.445134
0.923077, 0.163265, 0.336408
0.948718, 0.163265, 0.225494
0.974359, 0.163265, 0.113115
1.000000, 0.163265, 0.000000
1.025641, 0.163265, 0.000000
1.051282, 0.163265, 0.068550
1.076923, 0.163265, 0.136655
1.102564, 0.163265, 0.203872
1.128205, 0.163265, 0.269767
1.153846, 0.163265, 0.333910
1.179487, 0.163265, 0.395886
1.205128, 0.163265, 0.455292
1.230769, 0.163265, 0.511744
1.256410, 0.163265, 0.564876
0.000000, 0.159184, 0.000000
0.025641, 0.159184, 0.068550
0.051282, 0.159184, 0.136655
0.076923, 0.159184, 0.203872
0.102564, 0.159184, 0.269767
0.128205, 0.159184, 0.333910
0.153846, 0.159184, 0.395886
0.179487, 0.159184, 0.455292
0.205128, 0.159184, 0.511744
0.230769, 0.159184, 0.564876
0.256410, 0.159184, 0.614342
0.282051, 0.159184, 0.659823
0.307692, 0.159184, 0.701024
0.333333, 0.159184, 0.737678
0.358974, 0.159184, 0.769548
0.384615, 0.159184, 0.796428
0.410256, 0.159184, 0.818143
0.435897, 0.159184, 0.834554
0.461538, 0.159184, 0.845553
0.487179, 0.159184, 0.851071
0.512821, 0.159184, 0.851071
0.538462, 0.159184, 0.845553
0.564103, 0.159184, 0.834554
0.589744, 0.159184, 0.818143
0.615385, 0.159184, 0.796428
0.641026, 0.159184, 0.769548
0.666667, 0.159184, 0.737678
0.692308, 0.159184, 0.701024
0.717949, 0.159184, 0.659823
0.743590, 0.159184, 0.614342
0.769231, 0.159184, 0.564876
0.794872, 0.159184, 0.511744
0.820513, 0.159184, 0.455292
0.846154, 0.159184, 0.395886
0.871795, 0.159184, 0.333910
0.897436, 0.159184, 0.269767
0.923077, 0.159184, 0.203872
0.948718, 0.159184, 0.136655
0.974359, 0.159184, 0.068550
1.000000, 0.159184, 0.000000
1.025641, 0.159184, 0.000000
1.051282, 0.159184, 0.041547
1.076923, 0.159184, 0.082825
1.102564, 0.159184, 0.123565
1.128205, 0.159184, 0.163503
1.153846, 0.159184, 0.202381
1.179487, 0.159184, 0.239946
1.205128, 0.159184, 0.275954
1.230769, 0.159184, 0.310172
1.256410, 0.159184, 0.342378
0.000000, 0.155102, 0.000000
0.025641, 0.155102, 0.041547
0.051282, 0.155102, 0.082825
0.076923, 0.155102, 0.123565
0.102564, 0.155102, 0.163503
0.128205, 0.155102, 0.202381
0.153846, 0.155102, 0.239946
0.179487, 0.155102, 0.275954
0.205128, 0.155102, 0.310172
0.230769, 0.155102, 0.342378
0.256410, 0.155102, 0.372363
0.282051, 0.155102, 0.399933
0.307692, 0.155102, 0.424909
0.333333, 0.155102, 0.447129
0.358974, 0.155102, 0.466450
0.384615, 0.155102, 0.482745
0.410256, 0.155102, 0.495910
0.435897, 0.155102, 0.505859
0.461538, 0.155102, 0.512528
0.487179, 0.155102, 0.515873
0.512821, 0.155102, 0.515873
0.538462, 0.155102, 0.512528
0.564103, 0.155102, 0.505859
0.589744, 0.155102, 0.495910
0.615385, 0.155102, 0.482745
0.641026, 0.155102, 0.466450
0.666667, 0.155102, 0.447129
0.692308, 0.155102, 0.424909
0.717949, 0.155102, 0.399933
0.743590, 0.155102, 0.372363
0.769231, 0.155102, 0.342378
0.794872, 0.155102, 0.310172
0.820513, 0.155102, 0.275954
0.846154, 0.155102, 0.239946
0.871795, 0.155102, 0.202381
0.897436, 0.155102, 0.163503
0.923077, 0.155102, 0.123565
0.948718, 0.155102, 0.082825
0.974359, 0.155102, 0.041547
1.000000, 0.155102, 0.000000
1.025641, 0.155102, 0.000000
1.051282, 0.155102, 0.025182
1.076923, 0.155102, 0.050201
1.102564, 0.155102, 0.074894
1.128205, 0.155102, 0.099102
1.153846, 0.155102, 0.122666
1.179487, 0.155102, 0.145435
1.205128, 0.155102, 0.167261
1.230769, 0.155102, 0.188002
1.256410, 0.155102, 0.207523
0.000000, 0.151020, 0.000000
0.025641, 0.151020, 0.025182
0.051282, 0.151020, 0.050201
0.076923, 0.151020, 0.074894
0.102564, 0.151020, 0.099102
0.128205, 0.151020, 0.122666
0.153846, 0.151020, 0.145435
0.179487, 0.151020, 0.167261
0.205128, 0.151020, 0.188002
0.230769, 0.151020, 0.207523
0.256410, 0.151020, 0.225698
0.282051, 0.151020, 0.242410
0.307692, 0.151020, 0.257550
0.333333, 0.151020, 0.271019
0.358974, 0.151020, 0.282730
0.384615, 0.151020, 0.292608
0.410256, 0.151020, 0.300588
0.435897, 0.151020, 0.306619
0.461538, 0.151020, 0.310662
0.487179, 0.151020, 0.312689
0.512821, 0.151020, 0.312689
0.538462, 0.151020, 0.310662
0.564103, 0.151020, 0.306619
0.589744, 0.151020, 0.300588
0.615385, 0.151020, 0.292608
0.641026, 0.151020, 0.282730
0.666667, 0.151020, 0.271019
0.692308, 0.151020, 0.257550
0.717949, 0.151020, 0.242410
0.743590, 0.151020, 0.225698
0.769231, 0.151020, 0.207523
0.794872, 0.151020, 0.188002
0.820513, 0.151020, 0.167261
0.846154, 0.151020, 0.145435
0.871795, 0.151020, 0.122666
0.897436, 0.151020, 0.099102
0.923077, 0.151020, 0.074894
0.948718, 0.151020, 0.050201
0.974359, 0.151020, 0.025182
1.000000, 0.151020, 0.000000
1.025641, 0.151020, 0.000000
1.051282, 0.151020, 0.015263
1.076923, 0.151020, 0.030428
1.102564, 0.151020, 0.045395
1.128205, 0.151020, 0.060068
1.153846, 0.151020, 0.074351
1.179487, 0.151020, 0.088152
1.205128, 0.151020, 0.101381
1.230769, 0.151020, 0.113953
1.256410, 0.151020, 0.125785
0.000000, 0.146939, 0.000000
0.025641, 0.146939, 0.015263
0.051282, 0.146939, 0.030428
0.076923, 0.146939, 0.045395
0.102564, 0.146939, 0.060068
0.128205, 0.146939, 0.074351
0.153846, 0.146939, 0.088152
0.179487, 0.146939, 0.101381
0.205128, 0.146939, 0.113953
0.230769, 0.146939, 0.125785
0.256410, 0.146939, 0.136802
0.282051, 0.146939, 0.146932
0.307692, 0.146939, 0.156108
0.333333, 0.146939, 0.164273
0.358974, 0.146939, 0.171372
0.384615, 0.146939, 0.177359
0.410256, 0.146939, 0.182196
0.435897, 0.146939, 0.185852
0.461538, 0.146939, 0.188302
0.487179, 0.146939, 0.189531
0.512821, 0.146939, 0.189531
0.538462, 0.146939, 0.188302
0.564103, 0.146939, 0.185852
0.589744, 0.146939, 0.182196
0.615385, 0.146939, 0.177359
0.641026, 0.146939, 0.171372
0.666667, 0.146939, 0.164273
0.692308, 0.146939, 0.156108
0.717949, 0.146939, 0.146932
0.743590, 0.146939, 0.136802
0.769231, 0.146939, 0.125785
0.794872, 0.146939, 0.113953
0.820513, 0.146939, 0.101381
0.846154, 0.146939, 0.088152
0.871795, 0.146939, 0.074351
0.897436, 0.146939, 0.060068
0.923077, 0.146939, 0.045395
0.948718, 0.146939, 0.030428
0.974359, 0.146939, 0.015263
1.000000, 0.146939, 0.000000
1.025641, 0.146939, 0.000000
1.051282, 0.146939, 0.009252
1.076923, 0.146939, 0.018443
1.102564, 0.146939, 0.027515
1.128205, 0.146939, 0.036409
1.153846, 0.146939, 0.045066
1.179487, 0.146939, 0.053431
1.205128, 0.146939, 0.061450
1.230769, 0.146939, 0.069070
1.256410, 0.146939, 0.076242
0.000000, 0.142857, 0.000000
0.025641, 0.142857, 0.009252
0.051282, 0.142857, 0.018443
0.076923, 0.142857, 0.027515
0.102564, 0.142857, 0.036409
0.128205, 0.142857, 0.045066
0.153846, 0.142857, 0.053431
0.179487, 0.142857, 0.061450
0.205128, 0.142857, 0.069070
0.230769, 0.142857, 0.076242
0.256410, 0.142857, 0.082920
0.282051, 0.142857, 0.089060
0.307692, 0.142857, 0.094622
0.333333, 0.142857, 0.099571
0.358974, 0.142857, 0.103874
0.384615, 0.142857, 0.107503
0.410256, 0.142857, 0.110435
0.435897, 0.142857, 0.112651
0.461538, 0.142857, 0.114136
0.487179, 0.142857, 0.114881
0.512821, 0.142857, 0.114881
0.538462, 0.142857, 0.114136
0.564103, 0.142857, 0.112651
0.589744, 0.142857, 0.110435
0.615385, 0.142857, 0.107503
0.641026, 0.142857, 0.103874
0.666667, 0.142857, 0.099571
0.692308, 0.142857, 0.094622
0.717949, 0.142857, 0.089060
0.743590, 0.142857, 0.082920
0.769231, 0.142857, 0.076242
0.794872, 0.142857, 0.069070
0.820513, 0.142857, 0.061450
0.846154, 0.142857, 0.053431
0.871795, 0.142857, 0.045066
0.897436, 0.142857, 0.036409
0.923077, 0.142857, 0.027515
0.948718, 0.142857, 0.018443
0.974359, 0.142857, 0.009252
1.000000, 0.142857, 0.000000
1.025641, 0.142857, 0.000000
1.051282, 0.142857, 0.005608
1.076923, 0.142857, 0.011179
1.102564, 0.142857, 0.016678
1.128205, 0.142857, 0.022068
1.153846, 0.142857, 0.027316
1.179487, 0.142857, 0.032386
1.205128, 0.142857, 0.037247
1.230769, 0.142857, 0.041865
1.256410, 0.142857, 0.046213
0.000000, 0.138776, 0.000000
0.025641, 0.138776, 0.005608
0.051282, 0.138776, 0.011179
0.076923, 0.138776, 0.016678
0.102564, 0.138776, 0.022068
0.128205, 0.138776, 0.027316
0.153846, 0.138776, 0.032386
0.179487, 0.138776, 0.037247
0.205128, 0.138776, 0.041865
0.230769, 0.138776, 0.046213
0.256410, 0.138776, 0.050260
0.282051, 0.138776, 0.053982
0.307692, 0.138776, 0.057353
0.333333, 0.138776, 0.060353
0.358974, 0.138776, 0.062961
0.384615, 0.138776, 0.065161
0.410256, 0.138776, 0.066938
0.435897, 0.138776, 0.068281
0.461538, 0.138776, 0.069181
0.487179, 0.138776, 0.069633
0.512821, 0.138776, 0.069633
0.538462, 0.138776, 0.069181
0.564103, 0.138776, 0.068281
0.589744, 0.138776, 0.066938
0.615385, 0.138776, 0.065161
0.641026, 0.138776, 0.062961
0.666667, 0.138776, 0.060353
0.692308, 0.138776, 0.057353
0.717949, 0.138776, 0.053982
0.743590, 0.138776, 0.050260
0.769231, 0.138776, 0.046213
0.794872, 0.138776, 0.041865
0.820513, 0.138776, 0.037247
0.846154, 0.138776, 0.032386
0.871795, 0.138776, 0.027316
0.897436, 0.138776, 0.022068
0.923077, 0.138776, 0.016678
0.948718, 0.138776, 0.011179
0.974359, 0.138776, 0.005608
1.000000, 0.138776, 0.000000
1.025641, 0.138776, 0.000000
1.051282, 0.138776, 0.003399
1.076923, 0.138776, 0.006776
1.102564, 0.138776, 0.010109
1.128205, 0.138776, 0.013376
1.153846, 0.138776, 0.016557
1.179487, 0.138776, 0.019630
1.205128, 0.138776, 0.022576
1.230769, 0.138776, 0.025376
1.256410, 0.138776, 0.028011
0.000000, 0.134694, 0.000000
0.025641, 0.134694, 0.003399
0.051282, 0.134694, 0.006776
0.076923, 0.134694, 0.010109
0.102564, 0.134694, 0.013376
0.128205, 0.134694, 0.016557
0.153846, 0.134694, 0.019630
0.179487, 0.134694, 0.022576
0.205128, 0.134694, 0.025376
0.230769, 0.134694, 0.028011
0.256410, 0.134694, 0.030464
0.282051, 0.134694, 0.032720
0.307692, 0.134694, 0.034764
0.333333, 0.134694, 0.036582
0.358974, 0.134694, 0.038163
0.384615, 0.134694, 0.039496
0.410256, 0.134694, 0.040573
0.435897, 0.134694, 0.041387
0.461538, 0.134694, 0.041933
0.487179, 0.134694, 0.042207
0.512821, 0.134694, 0.042207
0.538462, 0.134694, 0.041933
0.564103, 0.134694, 0.041387
0.589744, 0.134694, 0.040573
0.615385, 0.134694, 0.039496
0.641026, 0.134694, 0.038163
0.666667, 0.134694, 0.036582
0.692308, 0.134694, 0.034764
0.717949, 0.134694, 0.032720
0.743590, 0.134694, 0.030464
0.769231, 0.134694, 0.028011
0.794872, 0.134694, 0.025376
0.820513, 0.134694, 0.022576
0.846154, 0.134694, 0.019630
0.871795, 0.134694, 0.016557
0.897436, 0.134694, 0.013376
0.923077, 0.134694, 0.010109
0.948718, 0.134694, 0.006776
0.974359, 0.134694, 0.003399
1.000000, 0.134694, 0.000000
1.025641, 0.134694, 0.000000
1.051282, 0.134694, 0.002060
1.076923, 0.134694, 0.004107
1.102564, 0.134694, 0.006127
1.128205, 0.134694, 0.008108
1.153846, 0.134694, 0.010036
1.179487, 0.134694, 0.011899
1.205128, 0.134694, 0.013684
1.230769, 0.134694, 0.015381
1.256410, 0.134694, 0.016978
0.000000, 0.130612, 0.000000
0.025641, 0.130612, 0.002060
0.051282, 0.130612, 0.004107
0.076923, 0.130612, 0.006127
0.102564, 0.130612, 0.008108
0.128205, 0.130612, 0.010036
0.153846, 0.130612, 0.011899
0.179487, 0.130612, 0.013684
0.205128, 0.130612, 0.015381
0.230769, 0.130612, 0.016978
0.256410, 0.130612, 0.018465
0.282051, 0.130612, 0.019833
0.307692, 0.130612, 0.021071
0.333333, 0.130612, 0.022173
0.358974, 0.130612, 0.023131
0.384615, 0.130612, 0.023940
0.410256, 0.130612, 0.024593
0.435897, 0.130612, 0.025086
0.461538, 0.130612, 0.025417
0.487179, 0.130612, 0.025583
0.512821, 0.130612, 0.025583
0.538462, 0.130612, 0.025417
0.564103, 0.130612, 0.025086
0.589744, 0.130612, 0.024593
0.615385, 0.130612, 0.023940
0.641026, 0.130612, 0.023131
0.666667, 0.130612, 0.022173
0.692308, 0.130612, 0.021071
0.717949, 0.130612, 0.019833
0.743590, 0.130612, 0.018465
0.769231, 0.130612, 0.016978
0.794872, 0.130612, 0.015381
0.820513, 0.130612, 0.013684
0.846154, 0.130612, 0.011899
0.871795, 0.130612, 0.010036
0.897436, 0.130612, 0.008108
0.923077, 0.130612, 0.006127
0.948718, 0.130612, 0.004107
0.974359, 0.130612, 0.002060
1.000000, 0.130612, 0.000000
1.025641, 0.130612, 0.000000
1.051282, 0.130612, 0.001249
1.076923, 0.130612, 0.002489
1.102564, 0.130612, 0.003714
1.128205, 0.130612, 0.004914
1.153846, 0.130612, 0.006083
1.179487, 0.130612, 0.007212
1.205128, 0.130612, 0.008294
1.230769, 0.130612, 0.009323
1.256410, 0.130612, 0.010291
0.000000, 0.126531, 0.000000
0.025641, 0.126531, 0.001249
0.051282, 0.126531, 0.002489
0.076923, 0.126531, 0.003714
0.102564, 0.126531, 0.004914
0.128205, 0.126531, 0.006083
0.153846, 0.126531, 0.007212
0.179487, 0.126531, 0.008294
0.205128, 0.126531, 0.009323
0.230769, 0.126531, 0.010291
0.256410, 0.126531, 0.011192
0.282051, 0.126531, 0.012021
0.307692, 0.126531, 0.012772
0.333333, 0.126531, 0.013440
0.358974, 0.126531, 0.014021
0.384615, 0.126531, 0.014511
0.410256, 0.126531, 0.014906
0.435897, 0.126531, 0.015205
0.461538, 0.126531, 0.015406
0.487179, 0.126531, 0.015506
0.512821, 0.126531, 0.015506
0.538462, 0.126531, 0.015406
0.564103, 0.126531, 0.015205
0.589744, 0.126531, 0.014906
0.615385, 0.126531, 0.014511
0.641026, 0.126531, 0.014021
0.666667, 0.126531, 0.013440
0.692308, 0.126531, 0.012772
0.717949, 0.126531, 0.012021
0.743590, 0.126531, 0.011192
0.769231, 0.126531, 0.010291
0.794872, 0.126531, 0.009323
0.820513, 0.126531, 0.008294
0.846154, 0.126531, 0.007212
0.871795, 0.126531, 0.006083
0.897436, 0.126531, 0.004914
0.923077, 0.126531, 0.003714
0.948718, 0.126531, 0.002489
0.974359, 0.126531, 0.001249
1.000000, 0.126531, 0.000000
1.025641, 0.126531, 0.000000
1.051282, 0.126531, 0.000757
1.076923, 0.126531, 0.001509
1.102564, 0.126531, 0.002251
1.128205, 0.126531, 0.002979
1.153846, 0.126531, 0.003687
1.179487, 0.126531, 0.004371
1.205128, 0.126531, 0.005027
1.230769, 0.126531, 0.005651
1.256410, 0.126531, 0.006238
0.000000, 0.122449, 0.000000
0.025641, 0.122449, 0.000757
0.051282, 0.122449, 0.001509
0.076923, 0.122449, 0.002251
0.102564, 0.122449, 0.002979
0.128205, 0.122449, 0.003687
0.153846, 0.122449, 0.004371
0.179487, 0.122449, 0.005027
0.205128, 0.122449, 0.005651
0.230769, 0.122449, 0.006238
0.256410, 0.122449, 0.006784
0.282051, 0.122449, 0.007286
0.307692, 0.122449, 0.007741
0.333333, 0.122449, 0.008146
0.358974, 0.122449, 0.008498
0.384615, 0.122449, 0.008795
0.410256, 0.122449, 0.009035
0.435897, 0.122449, 0.009216
0.461538, 0.122449, 0.009338
0.487179, 0.122449, 0.009399
0.512821, 0.122449, 0.009399
0.538462, 0.122449, 0.009338
0.564103, 0.122449, 0.009216
0.589744, 0.122449, 0.009035
0.615385, 0.122449, 0.008795
0.641026, 0.122449, 0.008498
0.666667, 0.122449, 0.008146
0.692308, 0.122449, 0.007741
0.717949, 0.122449, 0.007286
0.743590, 0.122449, 0.006784
0.769231, 0.122449, 0.006238
0.794872, 0.122449, 0.005651
0.820513, 0.122449, 0.005027
0.846154, 0.122449, 0.004371
0.871795, 0.122449, 0.003687
0.897436, 0.122449, 0.002979
0.923077, 0.122449, 0.002251
0.948718, 0.122449, 0.001509
0.974359, 0.122449, 0.000757
1.000000, 0.122449, 0.000000
1.025641, 0.122449, 0.000000
1.051282, 0.122449, 0.000459
1.076923, 0.122449, 0.000915
1.102564, 0.122449, 0.001364
1.128205, 0.122449, 0.001806
1.153846, 0.122449, 0.002235
1.179487, 0.122449, 0.002650
1.205128, 0.122449, 0.003047
1.230769, 0.122449, 0.003425
1.256410, 0.122449, 0.003781
0.000000, 0.118367, 0.000000
0.025641, 0.118367, 0.000459
0.051282, 0.118367, 0.000915
0.076923, 0.118367, 0.001364
0.102564, 0.118367, 0.001806
0.128205, 0.118367, 0.002235
0.153846, 0.118367, 0.002650
0.179487, 0.118367, 0.003047
0.205128, 0.118367, 0.003425
0.230769, 0.118367, 0.003781
0.256410, 0.118367, 0.004112
0.282051, 0.118367, 0.004416
0.307692, 0.118367, 0.004692
0.333333, 0.118367, 0.004938
0.358974, 0.118367, 0.005151
0.384615, 0.118367, 0.005331
0.410256, 0.118367, 0.005477
0.435897, 0.118367, 0.005586
0.461538, 0.118367, 0.005660
0.487179, 0.118367, 0.005697
0.512821, 0.118367, 0.005697
0.538462, 0.118367, 0.005660
0.564103, 0.118367, 0.005586
0.589744, 0.118367, 0.005477
0.615385, 0.118367, 0.005331
0.641026, 0.118367, 0.005151
0.666667, 0.118367, 0.004938
0.692308, 0.118367, 0.004692
0.717949, 0.118367, 0.004416
0.743590, 0.118367, 0.004112
0.769231, 0.118367, 0.003781
0.794872, 0.118367, 0.003425
0.820513, 0.118367, 0.003047
0.846154, 0.118367, 0.002650
0.871795, 0.118367, 0.002235
0.897436, 0.118367, 0.001806
0.923077, 0.118367, 0.001364
0.948718, 0.118367, 0.000915
0.974359, 0.118367, 0.000459
1.000000, 0.118367, 0.000000
1.025641, 0.118367, 0.000000
1.051282, 0.118367, 0.000278
1.076923, 0.118367, 0.000554
1.102564, 0.118367, 0.000827
1.128205, 0.118367, 0.001094
1.153846, 0.118367, 0.001355
1.179487, 0.118367, 0.001606
1.205128, 0.118367, 0.001847
1.230769, 0.118367, 0.002076
1.256410, 0.118367, 0.002292
0.000000, 0.114286, 0.000000
0.025641, 0.114286, 0.000278
0.051282, 0.114286, 0.000554
0.076923, 0.114286, 0.000827
0.102564, 0.114286, 0.001094
0.128205, 0.114286, 0.001355
0.153846, 0.114286, 0.001606
0.179487, 0.114286, 0.001847
0.205128, 0.114286, 0.002076
0.230769, 0.114286, 0.002292
0.256410, 0.114286, 0.002492
0.282051, 0.114286, 0.002677
0.307692, 0.114286, 0.002844
0.333333, 0.114286, 0.002993
0.358974, 0.114286, 0.003122
0.384615, 0.114286, 0.003231
0.410256, 0.114286, 0.003319
0.435897, 0.114286, 0.003386
0.461538, 0.114286, 0.003431
0.487179, 0.114286, 0.003453
0.512821, 0.114286, 0.003453
0.538462, 0.114286, 0.003431
0.564103, 0.114286, 0.003386
0.589744, 0.114286, 0.003319
0.615385, 0.114286, 0.003231
0.641026, 0.114286, 0.003122
0.666667, 0.114286, 0.002993
0.692308, 0.114286, 0.002844
0.717949, 0.114286, 0.002677
0.743590, 0.114286, 0.002492
0.769231, 0.114286, 0.002292
0.794872, 0.114286, 0.002076
0.820513, 0.114286, 0.001847
0.846154, 0.114286, 0.001606
0.871795, 0.114286, 0.001355
0.897436, 0.114286, 0.001094
0.923077, 0.114286, 0.000827
0.948718, 0.114286, 0.000554
0.974359, 0.114286, 0.000278
1.000000, 0.114286, 0.000000
1.025641, 0.114286, 0.000000
1.051282, 0.114286, 0.000169
1.076923, 0.114286, 0.000336
1.102564, 0.114286, 0.000501
1.128205, 0.114286, 0.000663
1.153846, 0.114286, 0.000821
1.179487, 0.114286, 0.000973
1.205128, 0.114286, 0.001120
1.230769, 0.114286, 0.001258
1.256410, 0.114286, 0.001389
0.000000, 0.110204, 0.000000
0.025641, 0.110204, 0.000169
0.051282, 0.110204, 0.000336
0.076923, 0.110204, 0.000501
0.102564, 0.110204, 0.000663
0.128205, 0.110204, 0.000821
0.153846, 0.110204, 0.000973
0.179487, 0.110204, 0.001120
0.205128, 0.110204, 0.001258
0.230769, 0.110204, 0.001389
0.256410, 0.110204, 0.001511
0.282051, 0.110204, 0.001623
0.307692, 0.110204, 0.001724
0.333333, 0.110204, 0.001814
0.358974, 0.110204, 0.001892
0.384615, 0.110204, 0.001959
0.410256, 0.110204, 0.002012
0.435897, 0.110204, 0.002052
0.461538, 0.110204, 0.002079
0.487179, 0.110204, 0.002093
0.512821, 0.110204, 0.002093
0.538462, 0.110204, 0.002079
0.564103, 0.110204, 0.002052
0.589744, 0.110204, 0.002012
0.615385, 0.110204, 0.001959
0.641026, 0.110204, 0.001892
0.666667, 0.110204, 0.001814
0.692308, 0.110204, 0.001724
0.717949, 0.110204, 0.001623
0.743590, 0.110204, 0.001511
0.769231, 0.110204, 0.001389
0.794872, 0.110204, 0.001258
0.820513, 0.110204, 0.001120
0.846154, 0.110204, 0.000973
0.871795, 0.110204, 0.000821
0.897436, 0.110204, 0.000663
0.923077, 0.110204, 0.000501
0.948718, 0.110204, 0.000336
0.974359, 0.110204, 0.000169
1.000000, 0.110204, 0.000000
1.025641, 0.110204, 0.000000
1.051282, 0.110204, 0.000102
1.076923, 0.110204, 0.000204
1.102564, 0.110204, 0.000304
1.128205, 0.110204, 0.000402
1.153846, 0.110204, 0.000498
1.179487, 0.110204, 0.000590
1.205128, 0.110204, 0.000679
1.230769, 0.110204, 0.000763
1.256410, 0.110204, 0.000842
0.000000, 0.106122, 0.000000
0.025641, 0.106122, 0.000102
0.051282, 0.106122, 0.000204
0.076923, 0.106122, 0.000304
0.102564, 0.106122, 0.000402
0.128205, 0.106122, 0.000498
0.153846, 0.106122, 0.000590
0.179487, 0.106122, 0.000679
0.205128, 0.106122, 0.000763
0.230769, 0.106122, 0.000842
0.256410, 0.106122, 0.000916
0.282051, 0.106122, 0.000984
0.307692, 0.106122, 0.001045
0.333333, 0.106122, 0.001100
0.358974, 0.106122, 0.001147
0.384615, 0.106122, 0.001187
0.410256, 0.106122, 0.001220
0.435897, 0.106122, 0.001244
0.461538, 0.106122, 0.001260
0.487179, 0.106122, 0.001269
0.512821, 0.106122, 0.001269
0.538462, 0.106122, 0.001260
0.564103, 0.106122, 0.001244
0.589744, 0.106122, 0.001220
0.615385, 0.106122, 0.001187
0.641026, 0.106122, 0.001147
0.666667, 0.106122, 0.001100
0.692308, 0.106122, 0.001045
0.717949, 0.106122, 0.000984
0.743590, 0.106122, 0.000916
0.769231, 0.106122, 0.000842
0.794872, 0.106122, 0.000763
0.820513, 0.106122, 0.000679
0.846154, 0.106122, 0.000590
0.871795, 0.106122, 0.000498
0.897436, 0.106122, 0.000402
0.923077, 0.106122, 0.000304
0.948718, 0.106122, 0.000204
0.974359, 0.106122, 0.000102
1.000000, 0.106122, 0.000000
1.025641, 0.106122, 0.000000
1.051282, 0.106122, 0.000062
1.076923, 0.106122, 0.000123
1.102564, 0.106122, 0.000184
1.128205, 0.106122, 0.000244
1.153846, 0.106122, 0.000302
1.179487, 0.106122, 0.000358
1.205128, 0.106122, 0.000411
1.230769, 0.106122, 0.000462
1.256410, 0.106122, 0.000510
0.000000, 0.102041, 0.000000
0.025641, 0.102041, 0.000062
0.051282, 0.102041, 0.000123
0.076923, 0.102041, 0.000184
0.102564, 0.102041, 0.000244
0.128205, 0.102041, 0.000302
0.153846, 0.102041, 0.000358
0.179487, 0.102041, 0.000411
0.205128, 0.102041, 0.000462
0.230769, 0.102041, 0.000510
0.256410, 0.102041, 0.000555
0.282051, 0.102041, 0.000596
0.307692, 0.102041, 0.000633
0.333333, 0.102041, 0.000666
0.358974, 0.102041, 0.000695
0.384615, 0.102041, 0.000720
0.410256, 0.102041, 0.000739
0.435897, 0.102041, 0.000754
0.461538, 0.102041, 0.000764
0.487179, 0.102041, 0.000769
0.512821, 0.102041, 0.000769
0.538462, 0.102041, 0.000764
0.564103, 0.102041, 0.000754
0.589744, 0.102041, 0.000739
0.615385, 0.102041, 0.000720
0.641026, 0.102041, 0.000695
0.666667, 0.102041, 0.000666
0.692308, 0.102041, 0.000633
0.717949, 0.102041, 0.000596
0.743590, 0.102041, 0.000555
0.769231, 0.102041, 0.000510
0.794872, 0.102041, 0.000462
0.820513, 0.102041, 0.000411
0.846154, 0.102041, 0.000358
0.871795, 0.102041, 0.000302
0.897436, 0.102041, 0.000244
0.923077, 0.102041, 0.000184
0.948718, 0.102041, 0.000123
0.974359, 0.102041, 0.000062
1.000000, 0.102041, 0.000000
1.025641, 0.102041, 0.000000
1.051282, 0.102041, 0.000038
1.076923, 0.102041, 0.000075
1.102564, 0.102041, 0.000112
1.128205, 0.102041, 0.000148
1.153846, 0.102041, 0.000183
1.179487, 0.102041, 0.000217
1.205128, 0.102041, 0.000249
1.230769, 0.102041, 0.000280
1.256410, 0.102041, 0.000309
0.000000, 0.097959, 0.000000
0.025641, 0.097959, 0.000038
0.051282, 0.097959, 0.000075
0.076923, 0.097959, 0.000112
0.102564, 0.097959, 0.000148
0.128205, 0.097959, 0.000183
0.153846, 0.097959, 0.000217
0.179487, 0.097959, 0.000249
0.205128, 0.097959, 0.000280
0.230769, 0.097959, 0.000309
0.256410, 0.097959, 0.000336
0.282051, 0.097959, 0.000361
0.307692, 0.097959, 0.000384
0.333333, 0.097959, 0.000404
0.358974, 0.097959, 0.000421
0.384615, 0.097959, 0.000436
0.410256, 0.097959, 0.000448
0.435897, 0.097959, 0.000457
0.461538, 0.097959, 0.000463
0.487179, 0.097959, 0.000466
0.512821, 0.097959, 0.000466
0.538462, 0.097959, 0.000463
0.564103, 0.097959, 0.000457
0.589744, 0.097959, 0.000448
0.615385, 0.097959, 0.000436
0.641026, 0.097959, 0.000421
0.666667, 0.097959, 0.000404
0.692308, 0.097959, 0.000384
0.717949, 0.097959, 0.000361
0.743590, 0.097959, 0.000336
0.769231, 0.097959, 0.000309
0.794872, 0.097959, 0.000280
0.820513, 0.097959, 0.000249
0.846154, 0.097959, 0.000217
0.871795, 0.097959, 0.000183
0.897436, 0.097959, 0.000148
0.923077, 0.097959, 0.000112
0.948718, 0.097959, 0.000075
0.974359, 0.097959, 0.000038
1.000000, 0.097959, 0.000000
1.025641, 0.097959, 0.000000
1.051282, 0.097959, 0.000023
1.076923, 0.097959, 0.000045
1.102564, 0.097959, 0.000068
1.128205, 0.097959, 0.000090
1.153846, 0.097959, 0.000111
1.179487, 0.097959, 0.000131
1.205128, 0.097959, 0.000151
1.230769, 0.097959, 0.000170
1.256410, 0.097959, 0.000187
0.000000, 0.093878, 0.000000
0.025641, 0.093878, 0.000023
0.051282, 0.093878, 0.000045
0.076923, 0.093878, 0.000068
0.102564, 0.093878, 0.000090
0.128205, 0.093878, 0.000111
0.153846, 0.093878, 0.000131
0.179487, 0.093878, 0.000151
0.205128, 0.093878, 0.000170
0.230769, 0.093878, 0.000187
0.256410, 0.093878, 0.000204
0.282051, 0.093878, 0.000219
0.307692, 0.093878, 0.000233
0.333333, 0.093878, 0.000245
0.358974, 0.093878, 0.000255
0.384615, 0.093878, 0.000264
0.410256, 0.093878, 0.000272
0.435897, 0.093878, 0.000277
0.461538, 0.093878, 0.000281
0.487179, 0.093878, 0.000283
0.512821, 0.093878, 0.000283
0.538462, 0.093878, 0.000281
0.564103, 0.093878, 0.000277
0.589744, 0.093878, 0.000272
0.615385, 0.093878, 0.000264
0.641026, 0.093878, 0.000255
0.666667, 0.093878, 0.000245
0.692308, 0.093878, 0.000233
0.717949, 0.093878, 0.000219
0.743590, 0.093878, 0.000204
0.769231, 0.093878, 0.000187
0.794872, 0.093878, 0.000170
0.820513, 0.093878, 0.000151
0.846154, 0.093878, 0.000131
0.871795, 0.093878, 0.000111
0.897436, 0.093878, 0.000090
0.923077, 0.093878, 0.000068
0.948718, 0.093878, 0.000045
0.974359, 0.093878, 0.000023
1.000000, 0.093878, 0.000000
1.025641, 0.093878, 0.000000
1.051282, 0.093878, 0.000014
1.076923, 0.093878, 0.000027
1.102564, 0.093878, 0.000041
1.128205, 0.093878, 0.000054
1.153846, 0.093878, 0.000067
1.179487, 0.093878, 0.000080
1.205128, 0.093878, 0.000092
1.230769, 0.093878, 0.000103
1.256410, 0.093878, 0.000114
0.000000, 0.089796, 0.000000
0.025641, 0.089796, 0.000014
0.051282, 0.089796, 0.000027
0.076923, 0.089796, 0.000041
0.102564, 0.089796, 0.000054
0.128205, 0.089796, 0.000067
0.153846, 0.089796, 0.000080
0.179487, 0.089796, 0.000092
0.205128, 0.089796, 0.000103
0.230769, 0.089796, 0.000114
0.256410, 0.089796, 0.000124
0.282051, 0.089796, 0.000133
0.307692, 0.089796, 0.000141
0.333333, 0.089796, 0.000148
0.358974, 0.089796, 0.000155
0.384615, 0.089796, 0.000160
0.410256, 0.089796, 0.000165
0.435897, 0.089796, 0.000168
0.461538, 0.089796, 0.000170
0.487179, 0.089796, 0.000171
0.512821, 0.089796, 0.000171
0.538462, 0.089796, 0.000170
0.564103, 0.089796, 0.000168
0.589744, 0.089796, 0.000165
0.615385, 0.089796, 0.000160
0.641026, 0.089796, 0.000155
0.666667, 0.089796, 0.000148
0.692308, 0.089796, 0.000141
0.717949, 0.089796, 0.000133
0.743590, 0.089796, 0.000124
0.769231, 0.089796, 0.000114
0.794872, 0.089796, 0.000103
0.820513, 0.089796, 0.000092
0.846154, 0.089796, 0.000080
0.871795, 0.089796, 0.000067
0.897436, 0.089796, 0.000054
0.923077, 0.089796, 0.000041
0.948718, 0.089796, 0.000027
0.974359, 0.089796, 0.000014
1.000000, 0.089796, 0.000000
1.025641, 0.089796, 0.000000
1.051282, 0.089796, 0.000008
1.076923, 0.089796, 0.000017
1.102564, 0.089796, 0.000025
1.128205, 0.089796, 0.000033
1.153846, 0.089796, 0.000041
1.179487, 0.089796, 0.000048
1.205128, 0.089796, 0.000056
1.230769, 0.089796, 0.000062
1.256410, 0.089796, 0.000069
0.000000, 0.085714, 0.000000
0.025641, 0.085714, 0.000008
0.051282, 0.085714, 0.000017
0.076923, 0.085714, 0.000025
0.102564, 0.085714, 0.000033
0.128205, 0.085714, 0.000041
0.153846, 0.085714, 0.000048
0.179487, 0.085714, 0.000056
0.205128, 0.085714, 0.000062
0.230769, 0.085714, 0.000069
0.256410, 0.085714, 0.000075
0.282051, 0.085714, 0.000080
0.307692, 0.085714, 0.000085
0.333333, 0.085714, 0.000090
0.358974, 0.085714, 0.000094
0.384615, 0.085714, 0.000097
0.410256, 0.085714, 0.000100
0.435897, 0.085714, 0.000102
0.461538, 0.085714, 0.000103
0.487179, 0.085714, 0.000104
0.512821, 0.085714, 0.000104
0.538462, 0.085714, 0.000103
0.564103, 0.085714, 0.000102
0.589744, 0.085714, 0.000100
0.615385, 0.085714, 0.000097
0.641026, 0.085714, 0.000094
0.666667, 0.085714, 0.000090
0.692308, 0.085714, 0.000085
0.717949, 0.085714, 0.000080
0.743590, 0.085714, 0.000075
0.769231, 0.085714, 0.000069
0.794872, 0.085714, 0.000062
0.820513, 0.085714, 0.000056
0.846154, 0.085714, 0.000048
0.871795, 0.085714, 0.000041
0.897436, 0.085714, 0.000033
0.923077, 0.085714, 0.000025
0.948718, 0.085714, 0.000017
0.974359, 0.085714, 0.000008
1.000000, 0.085714, 0.000000
1.025641, 0.085714, 0.000000
1.051282, 0.085714, 0.000005
1.076923, 0.085714, 0.000010
1.102564, 0.085714, 0.000015
1.128205, 0.085714, 0.000020
1.153846, 0.085714, 0.000025
1.179487, 0.085714, 0.000029
1.205128, 0.085714, 0.000034
1.230769, 0.085714, 0.000038
1.256410, 0.085714, 0.000042
0.000000, 0.081633, 0.000000
0.025641, 0.081633, 0.000005
0.051282, 0.081633, 0.000010
0.076923, 0.081633, 0.000015
0.102564, 0.081633, 0.000020
0.128205, 0.081633, 0.000025
0.153846, 0.081633, 0.000029
0.179487, 0.081633, 0.000034
0.205128, 0.081633, 0.000038
0.230769, 0.081633, 0.000042
0.256410, 0.081633, 0.000045
0.282051, 0.081633, 0.000049
0.307692, 0.081633, 0.000052
0.333333, 0.081633, 0.000055
0.358974, 0.081633, 0.000057
0.384615, 0.081633, 0.000059
0.410256, 0.081633, 0.000060
0.435897, 0.081633, 0.000062
0.461538, 0.081633, 0.000063
0.487179, 0.081633, 0.000063
0.512821, 0.081633, 0.000063
0.538462, 0.081633, 0.000063
0.564103, 0.081633, 0.000062
0.589744, 0.081633, 0.000060
0.615385, 0.081633, 0.000059
0.641026, 0.081633, 0.000057
0.666667, 0.081633, 0.000055
0.692308, 0.081633, 0.000052
0.717949, 0.081633, 0.000049
0.743590, 0.081633, 0.000045
0.769231, 0.081633, 0.000042
0.794872, 0.081633, 0.000038
0.820513, 0.081633, 0.000034
0.846154, 0.081633, 0.000029
0.871795, 0.081633, 0.000025
0.897436, 0.081633, 0.000020
0.923077, 0.081633, 0.000015
0.948718, 0.081633, 0.000010
0.974359, 0.081633, 0.000005
1.000000, 0.081633, 0.000000
1.025641, 0.081633, 0.000000
1.051282, 0.081633, 0.000003
1.076923, 0.081633, 0.000006
1.102564, 0.081633, 0.000009
1.128205, 0.081633, 0.000012
1.153846, 0.081633, 0.000015
1.179487, 0.081633, 0.000018
1.205128, 0.081633, 0.000020
1.230769, 0.081633, 0.000023
1.256410, 0.081633, 0.000025
0.000000, 0.077551, 0.000000
0.025641, 0.077551, 0.000003
0.051282, 0.077551, 0.000006
0.076923, 0.077551, 0.000009
0.102564, 0.077551, 0.000012
0.128205, 0.077551, 0.000015
0.153846, 0.077551, 0.000018
0.179487, 0.077551, 0.000020
0.205128, 0.077551, 0.000023
0.230769, 0.077551, 0.000025
0.256410, 0.077551, 0.000028
0.282051, 0.077551, 0.000030
0.307692, 0.077551, 0.000031
0.333333, 0.077551, 0.000033
0.358974, 0.077551, 0.000034
0.384615, 0.077551, 0.000036
0.410256, 0.077551, 0.000037
0.435897, 0.077551, 0.000037
0.461538, 0.077551, 0.000038
0.487179, 0.077551, 0.000038
0.512821, 0.077551, 0.000038
0.538462, 0.077551, 0.000038
0.564103, 0.077551, 0.000037
0.589744, 0.077551, 0.000037
0.615385, 0.077551, 0.000036
0.641026, 0.077551, 0.000034
0.666667, 0.077551, 0.000033
0.692308, 0.077551, 0.000031
0.717949, 0.077551, 0.000030
0.743590, 0.077551, 0.000028
0.769231, 0.077551, 0.000025
0.794872, 0.077551, 0.000023
0.820513, 0.077551, 0.000020
0.846154, 0.077551, 0.000018
0.871795, 0.077551, 0.000015
0.897436, 0.077551, 0.000012
0.923077, 0.077551, 0.000009
0.948718, 0.077551, 0.000006
0.974359, 0.077551, 0.000003
1.000000, 0.077551, 0.000000
1.025641, 0.077551, 0.000000
1.051282, 0.077551, 0.000002
1.076923, 0.077551, 0.000004
1.102564, 0.077551, 0.000006
1.128205, 0.077551, 0.000007
1.153846, 0.077551, 0.000009
1.179487, 0.077551, 0.000011
1.205128, 0.077551, 0.000012
1.230769, 0.077551, 0.000014
1.256410, 0.077551, 0.000015
0.000000, 0.073469, 0.000000
0.025641, 0.073469, 0.000002
0.051282, 0.073469, 0.000004
0.076923, 0.073469, 0.000006
0.102564, 0.073469, 0.000007
0.128205, 0.073469, 0.000009
0.153846, 0.073469, 0.000011
0.179487, 0.073469, 0.000012
0.205128, 0.073469, 0.000014
0.230769, 0.073469, 0.000015
0.256410, 0.073469, 0.000017
0.282051, 0.073469, 0.000018
0.307692, 0.073469, 0.000019
0.333333, 0.073469, 0.000020
0.358974, 0.073469, 0.000021
0.384615, 0.073469, 0.000022
0.410256, 0.073469, 0.000022
0.435897, 0.073469, 0.000023
0.461538, 0.073469, 0.000023
0.487179, 0.073469, 0.000023
0.512821, 0.073469, 0.000023
0.538462, 0.073469, 0.000023
0.564103, 0.073469, 0.000023
0.589744, 0.073469, 0.000022
0.615385, 0.073469, 0.000022
0.641026, 0.073469, 0.000021
0.666667, 0.073469, 0.000020
0.692308, 0.073469, 0.000019
0.717949, 0.073469, 0.000018
0.743590, 0.073469, 0.000017
0.769231, 0.073469, 0.000015
0.794872, 0.073469, 0.000014
0.820513, 0.073469, 0.000012
0.846154, 0.073469, 0.000011
0.871795, 0.073469, 0.000009
0.897436, 0.073469, 0.000007
0.923077, 0.073469, 0.000006
0.948718, 0.073469, 0.000004
0.974359, 0.073469, 0.000002
1.000000, 0.073469, 0.000000
1.025641, 0.073469, 0.000000
1.051282, 0.073469, 0.000001
1.076923, 0.073469, 0.000002
1.102564, 0.073469, 0.000003
1.128205, 0.073469, 0.000004
1.153846, 0.073469, 0.000005
1.179487, 0.073469, 0.000007
1.205128, 0.073469, 0.000007
1.230769, 0.073469, 0.000008
1.256410, 0.073469, 0.000009
0.000000, 0.069388, 0.000000
0.025641, 0.069388, 0.000001
0.051282, 0.069388, 0.000002
0.076923, 0.069388, 0.000003
0.102564, 0.069388, 0.000004
0.128205, 0.069388, 0.000005
0.153846, 0.069388, 0.000007
0.179487, 0.069388, 0.000007
0.205128, 0.069388, 0.000008
0.230769, 0.069388, 0.000009
0.256410, 0.069388, 0.000010
0.282051, 0.069388, 0.000011
0.307692, 0.069388, 0.000012
0.333333, 0.069388, 0.000012
0.358974, 0.069388, 0.000013
0.384615, 0.069388, 0.000013
0.410256, 0.069388, 0.000013
0.435897, 0.069388, 0.000014
0.461538, 0.069388, 0.000014
0.487179, 0.069388, 0.000014
0.512821, 0.069388, 0.000014
0.538462, 0.069388, 0.000014
0.564103, 0.069388, 0.000014
0.589744, 0.069388, 0.000013
0.615385, 0.069388, 0.000013
0.641026, 0.069388, 0.000013
0.666667, 0.069388, 0.000012
0.692308, 0.069388, 0.000012
0.717949, 0.069388, 0.000011
0.743590, 0.069388, 0.000010
0.769231, 0.069388, 0.000009
0.794872, 0.069388, 0.000008
0.820513, 0.069388, 0.000007
0.846154, 0.069388, 0.000007
0.871795, 0.069388, 0.000005
0.897436, 0.069388, 0.000004
0.923077, 0.069388, 0.000003
0.948718, 0.069388, 0.000002
0.974359, 0.069388, 0.000001
1.000000, 0.069388, 0.000000
1.025641, 0.069388, 0.000000
1.051282, 0.069388, 0.000001
1.076923, 0.069388, 0.000001
1.102564, 0.069388, 0.000002
1.128205, 0.069388, 0.000003
1.153846, 0.069388, 0.000003
1.179487, 0.069388, 0.000004
1.205128, 0.069388, 0.000005
1.230769, 0.069388, 0.000005
1.256410, 0.069388, 0.000006
0.000000, 0.065306, 0.000000
0.025641, 0.065306, 0.000001
0.051282, 0.065306, 0.000001
0.076923, 0.065306, 0.000002
0.102564, 0.065306, 0.000003
0.128205, 0.065306, 0.000003
0.153846, 0.065306, 0.000004
0.179487, 0.065306, 0.000005
0.205128, 0.065306, 0.000005
0.230769, 0.065306, 0.000006
0.256410, 0.065306, 0.000006
0.282051, 0.065306, 0.000007
0.307692, 0.065306, 0.000007
0.333333, 0.065306, 0.000007
0.358974, 0.065306, 0.000008
0.384615, 0.065306, 0.000008
0.410256, 0.065306, 0.000008
0.435897, 0.065306, 0.000008
0.461538, 0.065306, 0.000008
0.487179, 0.065306, 0.000008
0.512821, 0.065306, 0.000008
0.538462, 0.065306, 0.000008
0.564103, 0.065306, 0.000008
0.589744, 0.065306, 0.000008
0.615385, 0.065306, 0.000008
0.641026, 0.065306, 0.000008
0.666667, 0.065306, 0.000007
0.692308, 0.065306, 0.000007
0.717949, 0.065306, 0.000007
0.743590, 0.065306, 0.000006
0.769231, 0.065306, 0.000006
0.794872, 0.065306, 0.000005
0.820513, 0.065306, 0.000005
0.846154, 0.065306, 0.000004
0.871795, 0.065306, 0.000003
0.897436, 0.065306, 0.000003
0.923077, 0.065306, 0.000002
0.948718, 0.065306, 0.000001
0.974359, 0.065306, 0.000001
1.000000, 0.065306, 0.000000
1.025641, 0.065306, 0.000000
1.051282, 0.065306, 0.000000
1.076923, 0.065306, 0.000001
1.102564, 0.065306, 0.000001
1.128205, 0.065306, 0.000002
1.153846, 0.065306, 0.000002
1.179487, 0.065306, 0.000002
1.205128, 0.065306, 0.000003
1.230769, 0.065306, 0.000003
1.256410, 0.065306, 0.000003
0.000000, 0.061224, 0.000000
0.025641, 0.061224, 0.000000
0.051282, 0.061224, 0.000001
0.076923, 0.061224, 0.000001
0.102564, 0.061224, 0.000002
0.128205, 0.061224, 0.000002
0.153846, 0.061224, 0.000002
0.179487, 0.061224, 0.000003
0.205128, 0.061224, 0.000003
0.230769, 0.061224, 0.000003
0.256410, 0.061224, 0.000004
0.282051, 0.061224, 0.000004
0.307692, 0.061224, 0.000004
0.333333, 0.061224, 0.000004
0.358974, 0.061224, 0.000005
0.384615, 0.061224, 0.000005
0.410256, 0.061224, 0.000005
0.435897, 0.061224, 0.000005
0.461538, 0.061224, 0.000005
0.487179, 0.061224, 0.000005
0.512821, 0.061224, 0.000005
0.538462, 0.061224, 0.000005
0.564103, 0.061224, 0.000005
0.589744, 0.061224, 0.000005
0.615385, 0.061224, 0.000005
0.641026, 0.061224, 0.000005
0.666667, 0.061224, 0.000004
0.692308, 0.061224, 0.000004
0.717949, 0.061224, 0.000004
0.743590, 0.061224, 0.000004
0.769231, 0.061224, 0.000003
0.794872, 0.061224, 0.000003
0.820513, 0.061224, 0.000003
0.846154, 0.061224, 0.000002
0.871795, 0.061224, 0.000002
0.897436, 0.061224, 0.000002
0.923077, 0.061224, 0.000001
0.948718, 0.061224, 0.000001
0.974359, 0.061224, 0.000000
1.000000, 0.061224, 0.000000
1.025641, 0.061224, 0.000000
1.051282, 0.061224, 0.000000
1.076923, 0.061224, 0.000001
1.102564, 0.061224, 0.000001
1.128205, 0.061224, 0.000001
1.153846, 0.061224, 0.000001
1.179487, 0.061224, 0.000001
1.205128, 0.061224, 0.000002
1.230769, 0.061224, 0.000002
1.256410, 0.061224, 0.000002
0.000000, 0.057143, 0.000000
0.025641, 0.057143, 0.000000
0.051282, 0.057143, 0.000001
0.076923, 0.057143, 0.000001
0.102564, 0.057143, 0.000001
0.128205, 0.057143, 0.000001
0.153846, 0.057143, 0.000001
0.179487, 0.057143, 0.000002
0.205128, 0.057143, 0.000002
0.230769, 0.057143, 0.000002
0.256410, 0.057143, 0.000002
0.282051, 0.057143, 0.000002
0.307692, 0.057143, 0.000003
0.333333, 0.057143, 0.000003
0.358974, 0.057143, 0.000003
0.384615, 0.057143, 0.000003
0.410256, 0.057143, 0.000003
0.435897, 0.057143, 0.000003
0.461538, 0.057143, 0.000003
0.487179, 0.057143, 0.000003
0.512821, 0.057143, 0.000003
0.538462, 0.057143, 0.000003
0.564103, 0.057143, 0.000003
0.589744, 0.057143, 0.000003
0.615385, 0.057143, 0.000003
0.641026, 0.057143, 0.000003
0.666667, 0.057143, 0.000003
0.692308, 0.057143, 0.000003
0.717949, 0.057143, 0.000002
0.743590, 0.057143, 0.000002
0.769231, 0.057143, 0.000002
0.794872, 0.057143, 0.000002
0.820513, 0.057143, 0.000002
0.846154, 0.057143, 0.000001
0.871795, 0.057143, 0.000001
0.897436, 0.057143, 0.000001
0.923077, 0.057143, 0.000001
0.948718, 0.057143, 0.000001
0.974359, 0.057143, 0.000000
1.000000, 0.057143, 0.000000
1.025641, 0.057143, 0.000000
1.051282, 0.057143, 0.000000
1.076923, 0.057143, 0.000000
1.102564, 0.057143, 0.000000
1.128205, 0.057143, 0.000001
1.153846, 0.057143, 0.000001
1.179487, 0.057143, 0.000001
1.205128, 0.057143, 0.000001
1.230769, 0.057143, 0.000001
1.256410, 0.057143, 0.000001
0.000000, 0.053061, 0.000000
0.025641, 0.053061, 0.000000
0.051282, 0.053061, 0.000000
0.076923, 0.053061, 0.000000
0.102564, 0.053061, 0.000001
0.128205, 0.053061, 0.000001
0.153846, 0.053061, 0.000001
0.179487, 0.053061, 0.000001
0.205128, 0.053061, 0.000001
0.230769, 0.053061, 0.000001
0.256410, 0.053061, 0.000001
0.282051, 0.053061, 0.000001
0.307692, 0.053061, 0.000002
0.333333, 0.053061, 0.000002
0.358974, 0.053061, 0.000002
0.384615, 0.053061, 0.000002
0.410256, 0.053061, 0.000002
0.435897, 0.053061, 0.000002
0.461538, 0.053061, 0.000002
0.487179, 0.053061, 0.000002
0.512821, 0.053061, 0.000002
0.538462, 0.053061, 0.000002
0.564103, 0.053061, 0.000002
0.589744, 0.053061, 0.000002
0.615385, 0.053061, 0.000002
0.641026, 0.053061, 0.000002
0.666667, 0.053061, 0.000002
0.692308, 0.053061, 0.000002
0.717949, 0.053061, 0.000001
0.743590, 0.053061, 0.000001
0.769231, 0.053061, 0.000001
0.794872, 0.053061, 0.000001
0.820513, 0.053061, 0.000001
0.846154, 0.053061, 0.000001
0.871795, 0.053061, 0.000001
0.897436, 0.053061, 0.000001
0.923077, 0.053061, 0.000000
0.948718, 0.053061, 0.000000
0.974359, 0.053061, 0.000000
1.000000, 0.053061, 0.000000
1.025641, 0.053061, 0.000000
1.051282, 0.053061, 0.000000
1.076923, 0.053061, 0.000000
1.102564, 0.053061, 0.000000
1.128205, 0.053061, 0.000000
1.153846, 0.053061, 0.000000
1.179487, 0.053061, 0.000001
1.205128, 0.053061, 0.000001
1.230769, 0.053061, 0.000001
1.256410, 0.053061, 0.000001
0.000000, 0.048980, 0.000000
0.025641, 0.048980, 0.000000
0.051282, 0.048980, 0.000000
0.076923, 0.048980, 0.000000
0.102564, 0.048980, 0.000000
0.128205, 0.048980, 0.000000
0.153846, 0.048980, 0.000001
0.179487, 0.048980, 0.000001
0.205128, 0.048980, 0.000001
0.230769, 0.048980, 0.000001
0.256410, 0.048980, 0.000001
0.282051, 0.048980, 0.000001
0.307692, 0.048980, 0.000001
0.333333, 0.048980, 0.000001
0.358974, 0.048980, 0.000001
0.384615, 0.048980, 0.000001
0.410256, 0.048980, 0.000001
0.435897, 0.048980, 0.000001
0.461538, 0.048980, 0.000001
0.487179, 0.048980, 0.000001
0.512821, 0.048980, 0.000001
0.538462, 0.048980, 0.000001
0.564103, 0.048980, 0.000001
0.589744, 0.048980, 0.000001
0.615385, 0.048980, 0.000001
0.641026, 0.048980, 0.000001
0.666667, 0.048980, 0.000001
0.692308, 0.048980, 0.000001
0.717949, 0.048980, 0.000001
0.743590, 0.048980, 0.000001
0.769231, 0.048980, 0.000001
0.794872, 0.048980, 0.000001
0.820513, 0.048980, 0.000001
0.846154, 0.048980, 0.000001
0.871795, 0.048980, 0.000000
0.897436, 0.048980, 0.000000
0.923077, 0.048980, 0.000000
0.948718, 0.048980, 0.000000
0.974359, 0.048980, 0.000000
1.000000, 0.048980, 0.000000
1.025641, 0.048980, 0.000000
1.051282, 0.048980, 0.000000
1.076923, 0.048980, 0.000000
1.102564, 0.048980, 0.000000
1.128205, 0.048980, 0.000000
1.153846, 0.048980, 0.000000
1.179487, 0.048980, 0.000000
1.205128, 0.048980, 0.000000
1.230769, 0.048980, 0.000000
1.256410, 0.048980, 0.000000
0.000000, 0.044898, 0.000000
0.025641, 0.044898, 0.000000
0.051282, 0.044898, 0.000000
0.076923, 0.044898, 0.000000
0.102564, 0.044898, 0.000000
0.128205, 0.044898, 0.000000
0.153846, 0.044898, 0.000000
0.179487, 0.044898, 0.000000
0.205128, 0.044898, 0.000000
0.230769, 0.044898, 0.000000
0.256410, 0.044898, 0.000001
0.282051, 0.044898, 0.000001
0.307692, 0.044898, 0.000001
0.333333, 0.044898, 0.000001
0.358974, 0.044898, 0.000001
0.384615, 0.044898, 0.000001
0.410256, 0.044898, 0.000001
0.435897, 0.044898, 0.000001
0.461538, 0.044898, 0.000001
0.487179, 0.044898, 0.000001
0.512821, 0.044898, 0.000001
0.538462, 0.044898, 0.000001
0.564103, 0.044898, 0.000001
0.589744, 0.044898, 0.000001
0.615385, 0.044898, 0.000001
0.641026, 0.044898, 0.000001
0.666667, 0.044898, 0.000001
0.692308, 0.044898, 0.000001
0.717949, 0.044898, 0.000001
0.743590, 0.044898, 0.000001
0.769231, 0.044898, 0.000000
0.794872, 0.044898, 0.000000
0.820513, 0.044898, 0.000000
0.846154, 0.044898, 0.000000
0.871795, 0.044898, 0.000000
0.897436, 0.044898, 0.000000
0.923077, 0.044898, 0.000000
0.948718, 0.044898, 0.000000
0.974359, 0.044898, 0.000000
1.000000, 0.044898, 0.000000
1.025641, 0.044898, 0.000000
1.051282, 0.044898, 0.000000
1.076923, 0.044898, 0.000000
1.102564, 0.044898, 0.000000
1.128205, 0.044898, 0.000000
1.153846, 0.044898, 0.000000
1.179487, 0.044898, 0.000000
1.205128, 0.044898, 0.000000
1.230769, 0.044898, 0.000000
1.256410, 0.044898, 0.000000
0.000000, 0.040816, 0.000000
0.025641, 0.040816, 0.000000
0.051282, 0.040816, 0.000000
0.076923, 0.040816, 0.000000
0.102564, 0.040816, 0.000000
0.128205, 0.040816, 0.000000
0.153846, 0.040816, 0.000000
0.179487, 0.040816, 0.000000
0.205128, 0.040816, 0.000000
0.230769, 0.040816, 0.000000
0.256410, 0.040816, 0.000000
0.282051, 0.040816, 0.000000
0.307692, 0.040816, 0.000000
0.333333, 0.040816, 0.000000
0.358974, 0.040816, 0.000000
0.384615, 0.040816, 0.000000
0.410256, 0.040816, 0.000000
0.435897, 0.040816, 0.000000
0.461538, 0.040816, 0.000000
0.487179, 0.040816, 0.000000
0.512821, 0.040816, 0.000000
0.538462, 0.040816, 0.000000
0.564103, 0.040816, 0.000000
0.589744, 0.040816, 0.000000
0.615385, 0.040816, 0.000000
0.641026, 0.040816, 0.000000
0.666667, 0.040816, 0.000000
0.692308, 0.040816, 0.000000
0.717949, 0.040816, 0.000000
0.743590, 0.040816, 0.000000
0.769231, 0.040816, 0.000000
0.794872, 0.040816, 0.000000
0.820513, 0.040816, 0.000000
0.846154, 0.040816, 0.000000
0.871795, 0.040816, 0.000000
0.897436, 0.040816, 0.000000
0.923077, 0.040816, 0.000000
0.948718, 0.040816, 0.000000
0.974359, 0.040816, 0.000000
1.000000, 0.040816, 0.000000
1.025641, 0.040816, 0.000000
1.051282, 0.040816, 0.000000
1.076923, 0.040816, 0.000000
1.102564, 0.040816, 0.000000
1.128205, 0.040816, 0.000000
1.153846, 0.040816, 0.000000
1.179487, 0.040816, 0.000000
1.205128, 0.040816, 0.000000
1.230769, 0.040816, 0.000000
1.256410, 0.040816, 0.000000
