Variables="x","y","T"
0.000000 0.200000 1000.000000
0.025641 0.200000 1000.000000
0.051282 0.200000 1000.000000
0.076923 0.200000 1000.000000
0.102564 0.200000 1000.000000
0.128205 0.200000 1000.000000
0.153846 0.200000 1000.000000
0.179487 0.200000 1000.000000
0.205128 0.200000 1000.000000
0.230769 0.200000 1000.000000
0.256410 0.200000 1000.000000
0.282051 0.200000 1000.000000
0.307692 0.200000 1000.000000
0.333333 0.200000 1000.000000
0.358974 0.200000 1000.000000
0.384615 0.200000 1000.000000
0.410256 0.200000 1000.000000
0.435897 0.200000 1000.000000
0.461538 0.200000 1000.000000
0.487179 0.200000 1000.000000
0.512821 0.200000 1000.000000
0.538462 0.200000 1000.000000
0.564103 0.200000 1000.000000
0.589744 0.200000 1000.000000
0.615385 0.200000 1000.000000
0.641026 0.200000 1000.000000
0.666667 0.200000 1000.000000
0.692308 0.200000 1000.000000
0.717949 0.200000 1000.000000
0.743590 0.200000 1000.000000
0.769231 0.200000 1000.000000
0.794872 0.200000 1000.000000
0.820513 0.200000 1000.000000
0.846154 0.200000 1000.000000
0.871795 0.200000 1000.000000
0.897436 0.200000 1000.000000
0.923077 0.200000 1000.000000
0.948718 0.200000 1000.000000
0.974359 0.200000 1000.000000
1.000000 0.200000 1000.000000
0.000000 0.195918 0.000000
0.025641 0.195918 118.902428
0.051282 0.195918 217.322706
0.076923 0.195918 299.113002
0.102564 0.195918 367.336813
0.128205 0.195918 424.437151
0.153846 0.195918 472.367477
0.179487 0.195918 512.693819
0.205128 0.195918 546.674549
0.230769 0.195918 575.322824
0.256410 0.195918 599.455526
0.282051 0.195918 619.731655
0.307692 0.195918 636.682483
0.333333 0.195918 650.735217
0.358974 0.195918 662.231534
0.384615 0.195918 671.442042
0.410256 0.195918 678.577479
0.435897 0.195918 683.797245
0.461538 0.195918 687.215744
0.487179 0.195918 688.906869
0.512821 0.195918 688.906869
0.538462 0.195918 687.215744
0.564103 0.195918 683.797245
0.589744 0.195918 678.577479
0.615385 0.195918 671.442042
0.641026 0.195918 662.231534
0.666667 0.195918 650.735217
0.692308 0.195918 636.682483
0.717949 0.195918 619.731655
0.743590 0.195918 599.455526
0.769231 0.195918 575.322824
0.794872 0.195918 546.674549
0.820513 0.195918 512.693819
0.846154 0.195918 472.367477
0.871795 0.195918 424.437151
0.897436 0.195918 367.336813
0.923077 0.195918 299.113002
0.948718 0.195918 217.322706
0.974359 0.195918 118.902428
1.000000 0.195918 0.000000
0.000000 0.191837 0.000000
0.025641 0.191837 46.115896
0.051282 0.191837 90.933779
0.076923 0.191837 133.616075
0.102564 0.191837 173.652250
0.128205 0.191837 210.761172
0.153846 0.191837 244.819888
0.179487 0.191837 275.811927
0.205128 0.191837 303.789963
0.230769 0.191837 328.849034
0.256410 0.191837 351.107479
0.282051 0.191837 370.693511
0.307692 0.191837 387.735859
0.333333 0.191837 402.357347
0.358974 0.191837 414.670570
0.384615 0.191837 424.775035
0.410256 0.191837 432.755334
0.435897 0.191837 438.680004
0.461538 0.191837 442.600855
0.487179 0.191837 444.552586
0.512821 0.191837 444.552586
0.538462 0.191837 442.600855
0.564103 0.191837 438.680004
0.589744 0.191837 432.755334
0.615385 0.191837 424.775035
0.641026 0.191837 414.670570
0.666667 0.191837 402.357347
0.692308 0.191837 387.735859
0.717949 0.191837 370.693511
0.743590 0.191837 351.107479
0.769231 0.191837 328.849034
0.794872 0.191837 303.789963
0.820513 0.191837 275.811927
0.846154 0.191837 244.819888
0.871795 0.191837 210.761172
0.897436 0.191837 173.652250
0.923077 0.191837 133.616075
0.948718 0.191837 90.933779
0.974359 0.191837 46.115896
1.000000 0.191837 0.000000
0.000000 0.187755 0.000000
0.025641 0.187755 24.554320
0.051282 0.187755 48.824065
0.076923 0.187755 72.546071
0.102564 0.187755 95.489340
0.128205 0.187755 117.459007
0.153846 0.187755 138.296141
0.179487 0.187755 157.875149
0.205128 0.187755 176.099939
0.230769 0.187755 192.899592
0.256410 0.187755 208.224003
0.282051 0.187755 222.039763
0.307692 0.187755 234.326431
0.333333 0.187755 245.073259
0.358974 0.187755 254.276386
0.384615 0.187755 261.936487
0.410256 0.187755 268.056846
0.435897 0.187755 272.641825
0.461538 0.187755 275.695682
0.487179 0.187755 277.221717
0.512821 0.187755 277.221717
0.538462 0.187755 275.695682
0.564103 0.187755 272.641825
0.589744 0.187755 268.056846
0.615385 0.187755 261.936487
0.641026 0.187755 254.276386
0.666667 0.187755 245.073259
0.692308 0.187755 234.326431
0.717949 0.187755 222.039763
0.743590 0.187755 208.224003
0.769231 0.187755 192.899592
0.794872 0.187755 176.099939
0.820513 0.187755 157.875149
0.846154 0.187755 138.296141
0.871795 0.187755 117.459007
0.897436 0.187755 95.489340
0.923077 0.187755 72.546071
0.948718 0.187755 48.824065
0.974359 0.187755 24.554320
1.000000 0.187755 0.000000
0.000000 0.183673 0.000000
0.025641 0.183673 14.223260
0.051282 0.183673 28.330428
0.076923 0.183673 42.208267
0.102564 0.183673 55.748829
0.128205 0.183673 68.851311
0.153846 0.183673 81.423298
0.179487 0.183673 93.381455
0.205128 0.183673 104.651758
0.230769 0.183673 115.169358
0.256410 0.183673 124.878182
0.282051 0.183673 133.730353
0.307692 0.183673 141.685505
0.333333 0.183673 148.710055
0.358974 0.183673 154.776465
0.384615 0.183673 159.862552
0.410256 0.183673 163.950858
0.435897 0.183673 167.028102
0.461538 0.183673 169.084725
0.487179 0.183673 170.114552
0.512821 0.183673 170.114552
0.538462 0.183673 169.084725
0.564103 0.183673 167.028102
0.589744 0.183673 163.950858
0.615385 0.183673 159.862552
0.641026 0.183673 154.776465
0.666667 0.183673 148.710055
0.692308 0.183673 141.685505
0.717949 0.183673 133.730353
0.743590 0.183673 124.878182
0.769231 0.183673 115.169358
0.794872 0.183673 104.651758
0.820513 0.183673 93.381455
0.846154 0.183673 81.423298
0.871795 0.183673 68.851311
0.897436 0.183673 55.748829
0.923077 0.183673 42.208267
0.948718 0.183673 28.330428
0.974359 0.183673 14.223260
1.000000 0.183673 0.000000
0.000000 0.179592 0.000000
0.025641 0.179592 8.473663
0.051282 0.179592 16.887088
0.076923 0.179592 25.180797
0.102564 0.179592 33.296785
0.128205 0.179592 41.179169
0.153846 0.179592 48.774730
0.179487 0.179592 56.033357
0.205128 0.179592 62.908381
0.230769 0.179592 69.356805
0.256410 0.179592 75.339447
0.282051 0.179592 80.821007
0.307692 0.179592 85.770069
0.333333 0.179592 90.159054
0.358974 0.179592 93.964148
0.384615 0.179592 97.165200
0.410256 0.179592 99.745625
0.435897 0.179592 101.692296
0.461538 0.179592 102.995456
0.487179 0.179592 103.648644
0.512821 0.179592 103.648644
0.538462 0.179592 102.995456
0.564103 0.179592 101.692296
0.589744 0.179592 99.745625
0.615385 0.179592 97.165200
0.641026 0.179592 93.964148
0.666667 0.179592 90.159054
0.692308 0.179592 85.770069
0.717949 0.179592 80.821007
0.743590 0.179592 75.339447
0.769231 0.179592 69.356805
0.794872 0.179592 62.908381
0.820513 0.179592 56.033357
0.846154 0.179592 48.774730
0.871795 0.179592 41.179169
0.897436 0.179592 33.296785
0.923077 0.179592 25.180797
0.948718 0.179592 16.887088
0.974359 0.179592 8.473663
1.000000 0.179592 0.000000
0.000000 0.175510 0.000000
0.025641 0.175510 5.101303
0.051282 0.175510 10.168280
0.076923 0.175510 15.166904
0.102564 0.175510 20.063743
0.128205 0.175510 24.826241
0.153846 0.175510 29.422969
0.179487 0.175510 33.823864
0.205128 0.175510 38.000431
0.230769 0.175510 41.925923
0.256410 0.175510 45.575485
0.282051 0.175510 48.926281
0.307692 0.175510 51.957585
0.333333 0.175510 54.650859
0.358974 0.175510 56.989805
0.384615 0.175510 58.960409
0.410256 0.175510 60.550967
0.435897 0.175510 61.752101
0.461538 0.175510 62.556770
0.487179 0.175510 62.960279
0.512821 0.175510 62.960279
0.538462 0.175510 62.556770
0.564103 0.175510 61.752101
0.589744 0.175510 60.550967
0.615385 0.175510 58.960409
0.641026 0.175510 56.989805
0.666667 0.175510 54.650859
0.692308 0.175510 51.957585
0.717949 0.175510 48.926281
0.743590 0.175510 45.575485
0.769231 0.175510 41.925923
0.794872 0.175510 38.000431
0.820513 0.175510 33.823864
0.846154 0.175510 29.422969
0.871795 0.175510 24.826241
0.897436 0.175510 20.063743
0.923077 0.175510 15.166904
0.948718 0.175510 10.168280
0.974359 0.175510 5.101303
1.000000 0.175510 0.000000
0.000000 0.171429 0.000000
0.025641 0.171429 3.083624
0.051282 0.171429 6.146950
0.076923 0.171429 9.169828
0.102564 0.171429 12.132407
0.128205 0.171429 15.015277
0.153846 0.171429 17.799604
0.179487 0.171429 20.467266
0.205128 0.171429 23.000965
0.230769 0.171429 25.384349
0.256410 0.171429 27.602102
0.282051 0.171429 29.640044
0.307692 0.171429 31.485202
0.333333 0.171429 33.125889
0.358974 0.171429 34.551754
0.384615 0.171429 35.753841
0.410256 0.171429 36.724624
0.435897 0.171429 37.458046
0.461538 0.171429 37.949540
0.487179 0.171429 38.196052
0.512821 0.171429 38.196052
0.538462 0.171429 37.949540
0.564103 0.171429 37.458046
0.589744 0.171429 36.724624
0.615385 0.171429 35.753841
0.641026 0.171429 34.551754
0.666667 0.171429 33.125889
0.692308 0.171429 31.485202
0.717949 0.171429 29.640044
0.743590 0.171429 27.602102
0.769231 0.171429 25.384349
0.794872 0.171429 23.000965
0.820513 0.171429 20.467266
0.846154 0.171429 17.799604
0.871795 0.171429 15.015277
0.897436 0.171429 12.132407
0.923077 0.171429 9.169828
0.948718 0.171429 6.146950
0.974359 0.171429 3.083624
1.000000 0.171429 0.000000
0.000000 0.167347 0.000000
0.025641 0.167347 1.867016
0.051282 0.167347 3.721851
0.076923 0.167347 5.552405
0.102564 0.167347 7.346747
0.128205 0.167347 9.093191
0.153846 0.167347 10.780376
0.179487 0.167347 12.397344
0.205128 0.167347 13.933609
0.230769 0.167347 15.379226
0.256410 0.167347 16.724853
0.282051 0.167347 17.961814
0.307692 0.167347 19.082146
0.333333 0.167347 20.078653
0.358974 0.167347 20.944943
0.384615 0.167347 21.675471
0.410256 0.167347 22.265567
0.435897 0.167347 22.711463
0.461538 0.167347 23.010315
0.487179 0.167347 23.160219
0.512821 0.167347 23.160219
0.538462 0.167347 23.010315
0.564103 0.167347 22.711463
0.589744 0.167347 22.265567
0.615385 0.167347 21.675471
0.641026 0.167347 20.944943
0.666667 0.167347 20.078653
0.692308 0.167347 19.082146
0.717949 0.167347 17.961814
0.743590 0.167347 16.724853
0.769231 0.167347 15.379226
0.794872 0.167347 13.933609
0.820513 0.167347 12.397344
0.846154 0.167347 10.780376
0.871795 0.167347 9.093191
0.897436 0.167347 7.346747
0.923077 0.167347 5.552405
0.948718 0.167347 3.721851
0.974359 0.167347 1.867016
1.000000 0.167347 0.000000
0.000000 0.163265 0.000000
0.025641 0.163265 1.131148
0.051282 0.163265 2.254942
0.076923 0.163265 3.364077
0.102564 0.163265 4.451345
0.128205 0.163265 5.509682
0.153846 0.163265 6.532216
0.179487 0.163265 7.512312
0.205128 0.163265 8.443613
0.230769 0.163265 9.320084
0.256410 0.163265 10.136049
0.282051 0.163265 10.886228
0.307692 0.163265 11.565772
0.333333 0.163265 12.170289
0.358974 0.163265 12.695877
0.384615 0.163265 13.139146
0.410256 0.163265 13.497237
0.435897 0.163265 13.767843
0.461538 0.163265 13.949221
0.487179 0.163265 14.040203
0.512821 0.163265 14.040203
0.538462 0.163265 13.949221
0.564103 0.163265 13.767843
0.589744 0.163265 13.497237
0.615385 0.163265 13.139146
0.641026 0.163265 12.695877
0.666667 0.163265 12.170289
0.692308 0.163265 11.565772
0.717949 0.163265 10.886228
0.743590 0.163265 10.136049
0.769231 0.163265 9.320084
0.794872 0.163265 8.443613
0.820513 0.163265 7.512312
0.846154 0.163265 6.532216
0.871795 0.163265 5.509682
0.897436 0.163265 4.451345
0.923077 0.163265 3.364077
0.948718 0.163265 2.254942
0.974359 0.163265 1.131148
1.000000 0.163265 0.000000
0.000000 0.159184 0.000000
0.025641 0.159184 0.685498
0.051282 0.159184 1.366547
0.076923 0.159184 2.038723
0.102564 0.159184 2.697666
0.128205 0.159184 3.339098
0.153846 0.159184 3.958858
0.179487 0.159184 4.552924
0.205128 0.159184 5.117444
0.230769 0.159184 5.648759
0.256410 0.159184 6.143424
0.282051 0.159184 6.598234
0.307692 0.159184 7.010243
0.333333 0.159184 7.376784
0.358974 0.159184 7.695484
0.384615 0.159184 7.964280
0.410256 0.159184 8.181433
0.435897 0.159184 8.345539
0.461538 0.159184 8.455536
0.487179 0.159184 8.510713
0.512821 0.159184 8.510713
0.538462 0.159184 8.455536
0.564103 0.159184 8.345539
0.589744 0.159184 8.181433
0.615385 0.159184 7.964280
0.641026 0.159184 7.695484
0.666667 0.159184 7.376784
0.692308 0.159184 7.010243
0.717949 0.159184 6.598234
0.743590 0.159184 6.143424
0.769231 0.159184 5.648759
0.794872 0.159184 5.117444
0.820513 0.159184 4.552924
0.846154 0.159184 3.958858
0.871795 0.159184 3.339098
0.897436 0.159184 2.697666
0.923077 0.159184 2.038723
0.948718 0.159184 1.366547
0.974359 0.159184 0.685498
1.000000 0.159184 0.000000
0.000000 0.155102 0.000000
0.025641 0.155102 0.415471
0.051282 0.155102 0.828246
0.076923 0.155102 1.235647
0.102564 0.155102 1.635032
0.128205 0.155102 2.023809
0.153846 0.155102 2.399457
0.179487 0.155102 2.759539
0.205128 0.155102 3.101719
0.230769 0.155102 3.423780
0.256410 0.155102 3.723632
0.282051 0.155102 3.999332
0.307692 0.155102 4.249092
0.333333 0.155102 4.471295
0.358974 0.155102 4.664499
0.384615 0.155102 4.827454
0.410256 0.155102 4.959102
0.435897 0.155102 5.058593
0.461538 0.155102 5.125279
0.487179 0.155102 5.158731
0.512821 0.155102 5.158731
0.538462 0.155102 5.125279
0.564103 0.155102 5.058593
0.589744 0.155102 4.959102
0.615385 0.155102 4.827454
0.641026 0.155102 4.664499
0.666667 0.155102 4.471295
0.692308 0.155102 4.249092
0.717949 0.155102 3.999332
0.743590 0.155102 3.723632
0.769231 0.155102 3.423780
0.794872 0.155102 3.101719
0.820513 0.155102 2.759539
0.846154 0.155102 2.399457
0.871795 0.155102 2.023809
0.897436 0.155102 1.635032
0.923077 0.155102 1.235647
0.948718 0.155102 0.828246
0.974359 0.155102 0.415471
1.000000 0.155102 0.000000
0.000000 0.151020 0.000000
0.025641 0.151020 0.251822
0.051282 0.151020 0.502010
0.076923 0.151020 0.748943
0.102564 0.151020 0.991017
0.128205 0.151020 1.226663
0.153846 0.151020 1.454353
0.179487 0.151020 1.672610
0.205128 0.151020 1.880018
0.230769 0.151020 2.075232
0.256410 0.151020 2.256987
0.282051 0.151020 2.424103
0.307692 0.151020 2.575498
0.333333 0.151020 2.710190
0.358974 0.151020 2.827304
0.384615 0.151020 2.926083
0.410256 0.151020 3.005886
0.435897 0.151020 3.066195
0.461538 0.151020 3.106620
0.487179 0.151020 3.126898
0.512821 0.151020 3.126898
0.538462 0.151020 3.106620
0.564103 0.151020 3.066195
0.589744 0.151020 3.005886
0.615385 0.151020 2.926083
0.641026 0.151020 2.827304
0.666667 0.151020 2.710190
0.692308 0.151020 2.575498
0.717949 0.151020 2.424103
0.743590 0.151020 2.256987
0.769231 0.151020 2.075232
0.794872 0.151020 1.880018
0.820513 0.151020 1.672610
0.846154 0.151020 1.454353
0.871795 0.151020 1.226663
0.897436 0.151020 0.991017
0.923077 0.151020 0.748943
0.948718 0.151020 0.502010
0.974359 0.151020 0.251822
1.000000 0.151020 0.000000
0.000000 0.146939 0.000000
0.025641 0.146939 0.152635
0.051282 0.146939 0.304281
0.076923 0.146939 0.453953
0.102564 0.146939 0.600680
0.128205 0.146939 0.743512
0.153846 0.146939 0.881521
0.179487 0.146939 1.013814
0.205128 0.146939 1.139531
0.230769 0.146939 1.257857
0.256410 0.146939 1.368025
0.282051 0.146939 1.469322
0.307692 0.146939 1.561089
0.333333 0.146939 1.642731
0.358974 0.146939 1.713720
0.384615 0.146939 1.773595
0.410256 0.146939 1.821967
0.435897 0.146939 1.858524
0.461538 0.146939 1.883027
0.487179 0.146939 1.895319
0.512821 0.146939 1.895319
0.538462 0.146939 1.883027
0.564103 0.146939 1.858524
0.589744 0.146939 1.821967
0.615385 0.146939 1.773595
0.641026 0.146939 1.713720
0.666667 0.146939 1.642731
0.692308 0.146939 1.561089
0.717949 0.146939 1.469322
0.743590 0.146939 1.368025
0.769231 0.146939 1.257857
0.794872 0.146939 1.139531
0.820513 0.146939 1.013814
0.846154 0.146939 0.881521
0.871795 0.146939 0.743512
0.897436 0.146939 0.600680
0.923077 0.146939 0.453953
0.948718 0.146939 0.304281
0.974359 0.146939 0.152635
1.000000 0.146939 0.000000
0.000000 0.142857 0.000000
0.025641 0.142857 0.092517
0.051282 0.142857 0.184434
0.076923 0.142857 0.275154
0.102564 0.142857 0.364090
0.128205 0.142857 0.450665
0.153846 0.142857 0.534317
0.179487 0.142857 0.614504
0.205128 0.142857 0.690705
0.230769 0.142857 0.762427
0.256410 0.142857 0.829204
0.282051 0.142857 0.890604
0.307692 0.142857 0.946227
0.333333 0.142857 0.995714
0.358974 0.142857 1.038743
0.384615 0.142857 1.075035
0.410256 0.142857 1.104356
0.435897 0.142857 1.126514
0.461538 0.142857 1.141367
0.487179 0.142857 1.148817
0.512821 0.142857 1.148817
0.538462 0.142857 1.141367
0.564103 0.142857 1.126514
0.589744 0.142857 1.104356
0.615385 0.142857 1.075035
0.641026 0.142857 1.038743
0.666667 0.142857 0.995714
0.692308 0.142857 0.946227
0.717949 0.142857 0.890604
0.743590 0.142857 0.829204
0.769231 0.142857 0.762427
0.794872 0.142857 0.690705
0.820513 0.142857 0.614504
0.846154 0.142857 0.534317
0.871795 0.142857 0.450665
0.897436 0.142857 0.364090
0.923077 0.142857 0.275154
0.948718 0.142857 0.184434
0.974359 0.142857 0.092517
1.000000 0.142857 0.000000
0.000000 0.138776 0.000000
0.025641 0.138776 0.056078
0.051282 0.138776 0.111792
0.076923 0.138776 0.166781
0.102564 0.138776 0.220689
0.128205 0.138776 0.273165
0.153846 0.138776 0.323869
0.179487 0.138776 0.372473
0.205128 0.138776 0.418662
0.230769 0.138776 0.462135
0.256410 0.138776 0.502611
0.282051 0.138776 0.539828
0.307692 0.138776 0.573544
0.333333 0.138776 0.603539
0.358974 0.138776 0.629621
0.384615 0.138776 0.651620
0.410256 0.138776 0.669392
0.435897 0.138776 0.682823
0.461538 0.138776 0.691826
0.487179 0.138776 0.696342
0.512821 0.138776 0.696342
0.538462 0.138776 0.691826
0.564103 0.138776 0.682823
0.589744 0.138776 0.669392
0.615385 0.138776 0.651620
0.641026 0.138776 0.629621
0.666667 0.138776 0.603539
0.692308 0.138776 0.573544
0.717949 0.138776 0.539828
0.743590 0.138776 0.502611
0.769231 0.138776 0.462135
0.794872 0.138776 0.418662
0.820513 0.138776 0.372473
0.846154 0.138776 0.323869
0.871795 0.138776 0.273165
0.897436 0.138776 0.220689
0.923077 0.138776 0.166781
0.948718 0.138776 0.111792
0.974359 0.138776 0.056078
1.000000 0.138776 0.000000
0.000000 0.134694 0.000000
0.025641 0.134694 0.033992
0.051282 0.134694 0.067763
0.076923 0.134694 0.101094
0.102564 0.134694 0.133770
0.128205 0.134694 0.165579
0.153846 0.134694 0.196313
0.179487 0.134694 0.225775
0.205128 0.134694 0.253772
0.230769 0.134694 0.280123
0.256410 0.134694 0.304658
0.282051 0.134694 0.327217
0.307692 0.134694 0.347653
0.333333 0.134694 0.365835
0.358974 0.134694 0.381645
0.384615 0.134694 0.394979
0.410256 0.134694 0.405752
0.435897 0.134694 0.413893
0.461538 0.134694 0.419350
0.487179 0.134694 0.422088
0.512821 0.134694 0.422088
0.538462 0.134694 0.419350
0.564103 0.134694 0.413893
0.589744 0.134694 0.405752
0.615385 0.134694 0.394979
0.641026 0.134694 0.381645
0.666667 0.134694 0.365835
0.692308 0.134694 0.347653
0.717949 0.134694 0.327217
0.743590 0.134694 0.304658
0.769231 0.134694 0.280123
0.794872 0.134694 0.253772
0.820513 0.134694 0.225775
0.846154 0.134694 0.196313
0.871795 0.134694 0.165579
0.897436 0.134694 0.133770
0.923077 0.134694 0.101094
0.948718 0.134694 0.067763
0.974359 0.134694 0.033992
1.000000 0.134694 0.000000
0.000000 0.130612 0.000000
0.025641 0.130612 0.020605
0.051282 0.130612 0.041077
0.076923 0.130612 0.061282
0.102564 0.130612 0.081089
0.128205 0.130612 0.100371
0.153846 0.130612 0.119002
0.179487 0.130612 0.136861
0.205128 0.130612 0.153832
0.230769 0.130612 0.169806
0.256410 0.130612 0.184678
0.282051 0.130612 0.198353
0.307692 0.130612 0.210741
0.333333 0.130612 0.221763
0.358974 0.130612 0.231347
0.384615 0.130612 0.239430
0.410256 0.130612 0.245960
0.435897 0.130612 0.250895
0.461538 0.130612 0.254203
0.487179 0.130612 0.255862
0.512821 0.130612 0.255862
0.538462 0.130612 0.254203
0.564103 0.130612 0.250895
0.589744 0.130612 0.245960
0.615385 0.130612 0.239430
0.641026 0.130612 0.231347
0.666667 0.130612 0.221763
0.692308 0.130612 0.210741
0.717949 0.130612 0.198353
0.743590 0.130612 0.184678
0.769231 0.130612 0.169806
0.794872 0.130612 0.153832
0.820513 0.130612 0.136861
0.846154 0.130612 0.119002
0.871795 0.130612 0.100371
0.897436 0.130612 0.081089
0.923077 0.130612 0.061282
0.948718 0.130612 0.041077
0.974359 0.130612 0.020605
1.000000 0.130612 0.000000
0.000000 0.126531 0.000000
0.025641 0.126531 0.012492
0.051282 0.126531 0.024904
0.076923 0.126531 0.037153
0.102564 0.126531 0.049162
0.128205 0.126531 0.060852
0.153846 0.126531 0.072148
0.179487 0.126531 0.082975
0.205128 0.126531 0.093264
0.230769 0.126531 0.102949
0.256410 0.126531 0.111966
0.282051 0.126531 0.120256
0.307692 0.126531 0.127767
0.333333 0.126531 0.134449
0.358974 0.126531 0.140259
0.384615 0.126531 0.145160
0.410256 0.126531 0.149119
0.435897 0.126531 0.152111
0.461538 0.126531 0.154116
0.487179 0.126531 0.155123
0.512821 0.126531 0.155123
0.538462 0.126531 0.154116
0.564103 0.126531 0.152111
0.589744 0.126531 0.149119
0.615385 0.126531 0.145160
0.641026 0.126531 0.140259
0.666667 0.126531 0.134449
0.692308 0.126531 0.127767
0.717949 0.126531 0.120256
0.743590 0.126531 0.111966
0.769231 0.126531 0.102949
0.794872 0.126531 0.093264
0.820513 0.126531 0.082975
0.846154 0.126531 0.072148
0.871795 0.126531 0.060852
0.897436 0.126531 0.049162
0.923077 0.126531 0.037153
0.948718 0.126531 0.024904
0.974359 0.126531 0.012492
1.000000 0.126531 0.000000
0.000000 0.122449 0.000000
0.025641 0.122449 0.007577
0.051282 0.122449 0.015105
0.076923 0.122449 0.022534
0.102564 0.122449 0.029818
0.128205 0.122449 0.036908
0.153846 0.122449 0.043759
0.179487 0.122449 0.050326
0.205128 0.122449 0.056567
0.230769 0.122449 0.062440
0.256410 0.122449 0.067909
0.282051 0.122449 0.072938
0.307692 0.122449 0.077493
0.333333 0.122449 0.081546
0.358974 0.122449 0.085070
0.384615 0.122449 0.088042
0.410256 0.122449 0.090443
0.435897 0.122449 0.092258
0.461538 0.122449 0.093475
0.487179 0.122449 0.094085
0.512821 0.122449 0.094085
0.538462 0.122449 0.093475
0.564103 0.122449 0.092258
0.589744 0.122449 0.090443
0.615385 0.122449 0.088042
0.641026 0.122449 0.085070
0.666667 0.122449 0.081546
0.692308 0.122449 0.077493
0.717949 0.122449 0.072938
0.743590 0.122449 0.067909
0.769231 0.122449 0.062440
0.794872 0.122449 0.056567
0.820513 0.122449 0.050326
0.846154 0.122449 0.043759
0.871795 0.122449 0.036908
0.897436 0.122449 0.029818
0.923077 0.122449 0.022534
0.948718 0.122449 0.015105
0.974359 0.122449 0.007577
1.000000 0.122449 0.000000
0.000000 0.118367 0.000000
0.025641 0.118367 0.004601
0.051282 0.118367 0.009171
0.076923 0.118367 0.013683
0.102564 0.118367 0.018105
0.128205 0.118367 0.022410
0.153846 0.118367 0.026570
0.179487 0.118367 0.030557
0.205128 0.118367 0.034347
0.230769 0.118367 0.037913
0.256410 0.118367 0.041234
0.282051 0.118367 0.044287
0.307692 0.118367 0.047053
0.333333 0.118367 0.049514
0.358974 0.118367 0.051653
0.384615 0.118367 0.053458
0.410256 0.118367 0.054916
0.435897 0.118367 0.056018
0.461538 0.118367 0.056757
0.487179 0.118367 0.057127
0.512821 0.118367 0.057127
0.538462 0.118367 0.056757
0.564103 0.118367 0.056018
0.589744 0.118367 0.054916
0.615385 0.118367 0.053458
0.641026 0.118367 0.051653
0.666667 0.118367 0.049514
0.692308 0.118367 0.047053
0.717949 0.118367 0.044287
0.743590 0.118367 0.041234
0.769231 0.118367 0.037913
0.794872 0.118367 0.034347
0.820513 0.118367 0.030557
0.846154 0.118367 0.026570
0.871795 0.118367 0.022410
0.897436 0.118367 0.018105
0.923077 0.118367 0.013683
0.948718 0.118367 0.009171
0.974359 0.118367 0.004601
1.000000 0.118367 0.000000
0.000000 0.114286 0.000000
0.025641 0.114286 0.002802
0.051282 0.114286 0.005585
0.076923 0.114286 0.008333
0.102564 0.114286 0.011026
0.128205 0.114286 0.013648
0.153846 0.114286 0.016181
0.179487 0.114286 0.018610
0.205128 0.114286 0.020917
0.230769 0.114286 0.023089
0.256410 0.114286 0.025111
0.282051 0.114286 0.026971
0.307692 0.114286 0.028655
0.333333 0.114286 0.030154
0.358974 0.114286 0.031457
0.384615 0.114286 0.032556
0.410256 0.114286 0.033444
0.435897 0.114286 0.034115
0.461538 0.114286 0.034565
0.487179 0.114286 0.034791
0.512821 0.114286 0.034791
0.538462 0.114286 0.034565
0.564103 0.114286 0.034115
0.589744 0.114286 0.033444
0.615385 0.114286 0.032556
0.641026 0.114286 0.031457
0.666667 0.114286 0.030154
0.692308 0.114286 0.028655
0.717949 0.114286 0.026971
0.743590 0.114286 0.025111
0.769231 0.114286 0.023089
0.794872 0.114286 0.020917
0.820513 0.114286 0.018610
0.846154 0.114286 0.016181
0.871795 0.114286 0.013648
0.897436 0.114286 0.011026
0.923077 0.114286 0.008333
0.948718 0.114286 0.005585
0.974359 0.114286 0.002802
1.000000 0.114286 0.000000
0.000000 0.110204 0.000000
0.025641 0.110204 0.001720
0.051282 0.110204 0.003429
0.076923 0.110204 0.005116
0.102564 0.110204 0.006769
0.128205 0.110204 0.008379
0.153846 0.110204 0.009934
0.179487 0.110204 0.011425
0.205128 0.110204 0.012841
0.230769 0.110204 0.014175
0.256410 0.110204 0.015416
0.282051 0.110204 0.016558
0.307692 0.110204 0.017592
0.333333 0.110204 0.018512
0.358974 0.110204 0.019312
0.384615 0.110204 0.019987
0.410256 0.110204 0.020532
0.435897 0.110204 0.020944
0.461538 0.110204 0.021220
0.487179 0.110204 0.021359
0.512821 0.110204 0.021359
0.538462 0.110204 0.021220
0.564103 0.110204 0.020944
0.589744 0.110204 0.020532
0.615385 0.110204 0.019987
0.641026 0.110204 0.019312
0.666667 0.110204 0.018512
0.692308 0.110204 0.017592
0.717949 0.110204 0.016558
0.743590 0.110204 0.015416
0.769231 0.110204 0.014175
0.794872 0.110204 0.012841
0.820513 0.110204 0.011425
0.846154 0.110204 0.009934
0.871795 0.110204 0.008379
0.897436 0.110204 0.006769
0.923077 0.110204 0.005116
0.948718 0.110204 0.003429
0.974359 0.110204 0.001720
1.000000 0.110204 0.000000
0.000000 0.106122 0.000000
0.025641 0.106122 0.001079
0.051282 0.106122 0.002150
0.076923 0.106122 0.003208
0.102564 0.106122 0.004245
0.128205 0.106122 0.005254
0.153846 0.106122 0.006229
0.179487 0.106122 0.007164
0.205128 0.106122 0.008052
0.230769 0.106122 0.008888
0.256410 0.106122 0.009667
0.282051 0.106122 0.010383
0.307692 0.106122 0.011031
0.333333 0.106122 0.011608
0.358974 0.106122 0.012110
0.384615 0.106122 0.012533
0.410256 0.106122 0.012875
0.435897 0.106122 0.013133
0.461538 0.106122 0.013306
0.487179 0.106122 0.013393
0.512821 0.106122 0.013393
0.538462 0.106122 0.013306
0.564103 0.106122 0.013133
0.589744 0.106122 0.012875
0.615385 0.106122 0.012533
0.641026 0.106122 0.012110
0.666667 0.106122 0.011608
0.692308 0.106122 0.011031
0.717949 0.106122 0.010383
0.743590 0.106122 0.009667
0.769231 0.106122 0.008888
0.794872 0.106122 0.008052
0.820513 0.106122 0.007164
0.846154 0.106122 0.006229
0.871795 0.106122 0.005254
0.897436 0.106122 0.004245
0.923077 0.106122 0.003208
0.948718 0.106122 0.002150
0.974359 0.106122 0.001079
1.000000 0.106122 0.000000
0.000000 0.102041 0.000000
0.025641 0.102041 0.000713
0.051282 0.102041 0.001422
0.076923 0.102041 0.002121
0.102564 0.102041 0.002806
0.128205 0.102041 0.003474
0.153846 0.102041 0.004118
0.179487 0.102041 0.004737
0.205128 0.102041 0.005324
0.230769 0.102041 0.005877
0.256410 0.102041 0.006391
0.282051 0.102041 0.006865
0.307692 0.102041 0.007293
0.333333 0.102041 0.007675
0.358974 0.102041 0.008006
0.384615 0.102041 0.008286
0.410256 0.102041 0.008512
0.435897 0.102041 0.008683
0.461538 0.102041 0.008798
0.487179 0.102041 0.008855
0.512821 0.102041 0.008855
0.538462 0.102041 0.008798
0.564103 0.102041 0.008683
0.589744 0.102041 0.008512
0.615385 0.102041 0.008286
0.641026 0.102041 0.008006
0.666667 0.102041 0.007675
0.692308 0.102041 0.007293
0.717949 0.102041 0.006865
0.743590 0.102041 0.006391
0.769231 0.102041 0.005877
0.794872 0.102041 0.005324
0.820513 0.102041 0.004737
0.846154 0.102041 0.004118
0.871795 0.102041 0.003474
0.897436 0.102041 0.002806
0.923077 0.102041 0.002121
0.948718 0.102041 0.001422
0.974359 0.102041 0.000713
1.000000 0.102041 0.000000
0.000000 0.097959 0.000000
0.025641 0.097959 0.000530
0.051282 0.097959 0.001057
0.076923 0.097959 0.001577
0.102564 0.097959 0.002086
0.128205 0.097959 0.002583
0.153846 0.097959 0.003062
0.179487 0.097959 0.003521
0.205128 0.097959 0.003958
0.230769 0.097959 0.004369
0.256410 0.097959 0.004752
0.282051 0.097959 0.005104
0.307692 0.097959 0.005422
0.333333 0.097959 0.005706
0.358974 0.097959 0.005953
0.384615 0.097959 0.006161
0.410256 0.097959 0.006329
0.435897 0.097959 0.006456
0.461538 0.097959 0.006541
0.487179 0.097959 0.006583
0.512821 0.097959 0.006583
0.538462 0.097959 0.006541
0.564103 0.097959 0.006456
0.589744 0.097959 0.006329
0.615385 0.097959 0.006161
0.641026 0.097959 0.005953
0.666667 0.097959 0.005706
0.692308 0.097959 0.005422
0.717949 0.097959 0.005104
0.743590 0.097959 0.004752
0.769231 0.097959 0.004369
0.794872 0.097959 0.003958
0.820513 0.097959 0.003521
0.846154 0.097959 0.003062
0.871795 0.097959 0.002583
0.897436 0.097959 0.002086
0.923077 0.097959 0.001577
0.948718 0.097959 0.001057
0.974359 0.097959 0.000530
1.000000 0.097959 0.000000
0.000000 0.093878 0.000000
0.025641 0.093878 0.000483
0.051282 0.093878 0.000963
0.076923 0.093878 0.001436
0.102564 0.093878 0.001901
0.128205 0.093878 0.002352
0.153846 0.093878 0.002789
0.179487 0.093878 0.003208
0.205128 0.093878 0.003605
0.230769 0.093878 0.003980
0.256410 0.093878 0.004328
0.282051 0.093878 0.004649
0.307692 0.093878 0.004939
0.333333 0.093878 0.005198
0.358974 0.093878 0.005422
0.384615 0.093878 0.005612
0.410256 0.093878 0.005765
0.435897 0.093878 0.005880
0.461538 0.093878 0.005958
0.487179 0.093878 0.005997
0.512821 0.093878 0.005997
0.538462 0.093878 0.005958
0.564103 0.093878 0.005880
0.589744 0.093878 0.005765
0.615385 0.093878 0.005612
0.641026 0.093878 0.005422
0.666667 0.093878 0.005198
0.692308 0.093878 0.004939
0.717949 0.093878 0.004649
0.743590 0.093878 0.004328
0.769231 0.093878 0.003980
0.794872 0.093878 0.003605
0.820513 0.093878 0.003208
0.846154 0.093878 0.002789
0.871795 0.093878 0.002352
0.897436 0.093878 0.001901
0.923077 0.093878 0.001436
0.948718 0.093878 0.000963
0.974359 0.093878 0.000483
1.000000 0.093878 0.000000
0.000000 0.089796 0.000000
0.025641 0.089796 0.000559
0.051282 0.089796 0.001115
0.076923 0.089796 0.001663
0.102564 0.089796 0.002201
0.128205 0.089796 0.002724
0.153846 0.089796 0.003230
0.179487 0.089796 0.003715
0.205128 0.089796 0.004176
0.230769 0.089796 0.004609
0.256410 0.089796 0.005013
0.282051 0.089796 0.005384
0.307692 0.089796 0.005720
0.333333 0.089796 0.006019
0.358974 0.089796 0.006280
0.384615 0.089796 0.006499
0.410256 0.089796 0.006676
0.435897 0.089796 0.006810
0.461538 0.089796 0.006900
0.487179 0.089796 0.006945
0.512821 0.089796 0.006945
0.538462 0.089796 0.006900
0.564103 0.089796 0.006810
0.589744 0.089796 0.006676
0.615385 0.089796 0.006499
0.641026 0.089796 0.006280
0.666667 0.089796 0.006019
0.692308 0.089796 0.005720
0.717949 0.089796 0.005384
0.743590 0.089796 0.005013
0.769231 0.089796 0.004609
0.794872 0.089796 0.004176
0.820513 0.089796 0.003715
0.846154 0.089796 0.003230
0.871795 0.089796 0.002724
0.897436 0.089796 0.002201
0.923077 0.089796 0.001663
0.948718 0.089796 0.001115
0.974359 0.089796 0.000559
1.000000 0.089796 0.000000
0.000000 0.085714 0.000000
0.025641 0.085714 0.000779
0.051282 0.085714 0.001553
0.076923 0.085714 0.002316
0.102564 0.085714 0.003065
0.128205 0.085714 0.003794
0.153846 0.085714 0.004498
0.179487 0.085714 0.005173
0.205128 0.085714 0.005814
0.230769 0.085714 0.006418
0.256410 0.085714 0.006980
0.282051 0.085714 0.007497
0.307692 0.085714 0.007965
0.333333 0.085714 0.008382
0.358974 0.085714 0.008744
0.384615 0.085714 0.009050
0.410256 0.085714 0.009296
0.435897 0.085714 0.009483
0.461538 0.085714 0.009608
0.487179 0.085714 0.009671
0.512821 0.085714 0.009671
0.538462 0.085714 0.009608
0.564103 0.085714 0.009483
0.589744 0.085714 0.009296
0.615385 0.085714 0.009050
0.641026 0.085714 0.008744
0.666667 0.085714 0.008382
0.692308 0.085714 0.007965
0.717949 0.085714 0.007497
0.743590 0.085714 0.006980
0.769231 0.085714 0.006418
0.794872 0.085714 0.005814
0.820513 0.085714 0.005173
0.846154 0.085714 0.004498
0.871795 0.085714 0.003794
0.897436 0.085714 0.003065
0.923077 0.085714 0.002316
0.948718 0.085714 0.001553
0.974359 0.085714 0.000779
1.000000 0.085714 0.000000
0.000000 0.081633 0.000000
0.025641 0.081633 0.001198
0.051282 0.081633 0.002388
0.076923 0.081633 0.003562
0.102564 0.081633 0.004713
0.128205 0.081633 0.005834
0.153846 0.081633 0.006917
0.179487 0.081633 0.007955
0.205128 0.081633 0.008941
0.230769 0.081633 0.009870
0.256410 0.081633 0.010734
0.282051 0.081633 0.011529
0.307692 0.081633 0.012249
0.333333 0.081633 0.012890
0.358974 0.081633 0.013447
0.384615 0.081633 0.013916
0.410256 0.081633 0.014296
0.435897 0.081633 0.014583
0.461538 0.081633 0.014775
0.487179 0.081633 0.014872
0.512821 0.081633 0.014872
0.538462 0.081633 0.014775
0.564103 0.081633 0.014583
0.589744 0.081633 0.014296
0.615385 0.081633 0.013916
0.641026 0.081633 0.013447
0.666667 0.081633 0.012890
0.692308 0.081633 0.012249
0.717949 0.081633 0.011529
0.743590 0.081633 0.010734
0.769231 0.081633 0.009870
0.794872 0.081633 0.008941
0.820513 0.081633 0.007955
0.846154 0.081633 0.006917
0.871795 0.081633 0.005834
0.897436 0.081633 0.004713
0.923077 0.081633 0.003562
0.948718 0.081633 0.002388
0.974359 0.081633 0.001198
1.000000 0.081633 0.000000
0.000000 0.077551 0.000000
0.025641 0.077551 0.001923
0.051282 0.077551 0.003834
0.076923 0.077551 0.005719
0.102564 0.077551 0.007568
0.128205 0.077551 0.009367
0.153846 0.077551 0.011106
0.179487 0.077551 0.012773
0.205128 0.077551 0.014357
0.230769 0.077551 0.015847
0.256410 0.077551 0.017235
0.282051 0.077551 0.018512
0.307692 0.077551 0.019668
0.333333 0.077551 0.020696
0.358974 0.077551 0.021591
0.384615 0.077551 0.022345
0.410256 0.077551 0.022955
0.435897 0.077551 0.023415
0.461538 0.077551 0.023724
0.487179 0.077551 0.023879
0.512821 0.077551 0.023879
0.538462 0.077551 0.023724
0.564103 0.077551 0.023415
0.589744 0.077551 0.022955
0.615385 0.077551 0.022345
0.641026 0.077551 0.021591
0.666667 0.077551 0.020696
0.692308 0.077551 0.019668
0.717949 0.077551 0.018512
0.743590 0.077551 0.017235
0.769231 0.077551 0.015847
0.794872 0.077551 0.014357
0.820513 0.077551 0.012773
0.846154 0.077551 0.011106
0.871795 0.077551 0.009367
0.897436 0.077551 0.007568
0.923077 0.077551 0.005719
0.948718 0.077551 0.003834
0.974359 0.077551 0.001923
1.000000 0.077551 0.000000
0.000000 0.073469 0.000000
0.025641 0.073469 0.003141
0.051282 0.073469 0.006261
0.076923 0.073469 0.009340
0.102564 0.073469 0.012359
0.128205 0.073469 0.015298
0.153846 0.073469 0.018138
0.179487 0.073469 0.020860
0.205128 0.073469 0.023446
0.230769 0.073469 0.025881
0.256410 0.073469 0.028148
0.282051 0.073469 0.030232
0.307692 0.073469 0.032120
0.333333 0.073469 0.033800
0.358974 0.073469 0.035261
0.384615 0.073469 0.036493
0.410256 0.073469 0.037488
0.435897 0.073469 0.038240
0.461538 0.073469 0.038744
0.487179 0.073469 0.038997
0.512821 0.073469 0.038997
0.538462 0.073469 0.038744
0.564103 0.073469 0.038240
0.589744 0.073469 0.037488
0.615385 0.073469 0.036493
0.641026 0.073469 0.035261
0.666667 0.073469 0.033800
0.692308 0.073469 0.032120
0.717949 0.073469 0.030232
0.743590 0.073469 0.028148
0.769231 0.073469 0.025881
0.794872 0.073469 0.023446
0.820513 0.073469 0.020860
0.846154 0.073469 0.018138
0.871795 0.073469 0.015298
0.897436 0.073469 0.012359
0.923077 0.073469 0.009340
0.948718 0.073469 0.006261
0.974359 0.073469 0.003141
1.000000 0.073469 0.000000
0.000000 0.069388 0.000000
0.025641 0.069388 0.005162
0.051282 0.069388 0.010290
0.076923 0.069388 0.015352
0.102564 0.069388 0.020314
0.128205 0.069388 0.025144
0.153846 0.069388 0.029812
0.179487 0.069388 0.034285
0.205128 0.069388 0.038537
0.230769 0.069388 0.042539
0.256410 0.069388 0.046264
0.282051 0.069388 0.049690
0.307692 0.069388 0.052794
0.333333 0.069388 0.055555
0.358974 0.069388 0.057955
0.384615 0.069388 0.059980
0.410256 0.069388 0.061616
0.435897 0.069388 0.062853
0.461538 0.069388 0.063681
0.487179 0.069388 0.064097
0.512821 0.069388 0.064097
0.538462 0.069388 0.063681
0.564103 0.069388 0.062853
0.589744 0.069388 0.061616
0.615385 0.069388 0.059980
0.641026 0.069388 0.057955
0.666667 0.069388 0.055555
0.692308 0.069388 0.052794
0.717949 0.069388 0.049690
0.743590 0.069388 0.046264
0.769231 0.069388 0.042539
0.794872 0.069388 0.038537
0.820513 0.069388 0.034285
0.846154 0.069388 0.029812
0.871795 0.069388 0.025144
0.897436 0.069388 0.020314
0.923077 0.069388 0.015352
0.948718 0.069388 0.010290
0.974359 0.069388 0.005162
1.000000 0.069388 0.000000
0.000000 0.065306 0.000000
0.025641 0.065306 0.008504
0.051282 0.065306 0.016953
0.076923 0.065306 0.025293
0.102564 0.065306 0.033468
0.128205 0.065306 0.041426
0.153846 0.065306 0.049115
0.179487 0.065306 0.056486
0.205128 0.065306 0.063491
0.230769 0.065306 0.070084
0.256410 0.065306 0.076222
0.282051 0.065306 0.081866
0.307692 0.065306 0.086979
0.333333 0.065306 0.091528
0.358974 0.065306 0.095483
0.384615 0.065306 0.098819
0.410256 0.065306 0.101514
0.435897 0.065306 0.103551
0.461538 0.065306 0.104917
0.487179 0.065306 0.105601
0.512821 0.065306 0.105601
0.538462 0.065306 0.104917
0.564103 0.065306 0.103551
0.589744 0.065306 0.101514
0.615385 0.065306 0.098819
0.641026 0.065306 0.095483
0.666667 0.065306 0.091528
0.692308 0.065306 0.086979
0.717949 0.065306 0.081866
0.743590 0.065306 0.076222
0.769231 0.065306 0.070084
0.794872 0.065306 0.063491
0.820513 0.065306 0.056486
0.846154 0.065306 0.049115
0.871795 0.065306 0.041426
0.897436 0.065306 0.033468
0.923077 0.065306 0.025293
0.948718 0.065306 0.016953
0.974359 0.065306 0.008504
1.000000 0.065306 0.000000
0.000000 0.061224 0.000000
0.025641 0.061224 0.014023
0.051282 0.061224 0.027956
0.076923 0.061224 0.041707
0.102564 0.061224 0.055187
0.128205 0.061224 0.068310
0.153846 0.061224 0.080990
0.179487 0.061224 0.093144
0.205128 0.061224 0.104695
0.230769 0.061224 0.115566
0.256410 0.061224 0.125688
0.282051 0.061224 0.134994
0.307692 0.061224 0.143426
0.333333 0.061224 0.150927
0.358974 0.061224 0.157449
0.384615 0.061224 0.162950
0.410256 0.061224 0.167394
0.435897 0.061224 0.170753
0.461538 0.061224 0.173004
0.487179 0.061224 0.174134
0.512821 0.061224 0.174134
0.538462 0.061224 0.173004
0.564103 0.061224 0.170753
0.589744 0.061224 0.167394
0.615385 0.061224 0.162950
0.641026 0.061224 0.157449
0.666667 0.061224 0.150927
0.692308 0.061224 0.143426
0.717949 0.061224 0.134994
0.743590 0.061224 0.125688
0.769231 0.061224 0.115566
0.794872 0.061224 0.104695
0.820513 0.061224 0.093144
0.846154 0.061224 0.080990
0.871795 0.061224 0.068310
0.897436 0.061224 0.055187
0.923077 0.061224 0.041707
0.948718 0.061224 0.027956
0.974359 0.061224 0.014023
1.000000 0.061224 0.000000
0.000000 0.057143 0.000000
0.025641 0.057143 0.023132
0.051282 0.057143 0.046113
0.076923 0.057143 0.068796
0.102564 0.057143 0.091032
0.128205 0.057143 0.112678
0.153846 0.057143 0.133593
0.179487 0.057143 0.153642
0.205128 0.057143 0.172694
0.230769 0.057143 0.190626
0.256410 0.057143 0.207322
0.282051 0.057143 0.222674
0.307692 0.057143 0.236581
0.333333 0.057143 0.248954
0.358974 0.057143 0.259712
0.384615 0.057143 0.268786
0.410256 0.057143 0.276117
0.435897 0.057143 0.281657
0.461538 0.057143 0.285371
0.487179 0.057143 0.287234
0.512821 0.057143 0.287234
0.538462 0.057143 0.285371
0.564103 0.057143 0.281657
0.589744 0.057143 0.276117
0.615385 0.057143 0.268786
0.641026 0.057143 0.259712
0.666667 0.057143 0.248954
0.692308 0.057143 0.236581
0.717949 0.057143 0.222674
0.743590 0.057143 0.207322
0.769231 0.057143 0.190626
0.794872 0.057143 0.172694
0.820513 0.057143 0.153642
0.846154 0.057143 0.133593
0.871795 0.057143 0.112678
0.897436 0.057143 0.091032
0.923077 0.057143 0.068796
0.948718 0.057143 0.046113
0.974359 0.057143 0.023132
1.000000 0.057143 0.000000
0.000000 0.053061 0.000000
0.025641 0.053061 0.038160
0.051282 0.053061 0.076073
0.076923 0.053061 0.113492
0.102564 0.053061 0.150176
0.128205 0.053061 0.185885
0.153846 0.053061 0.220389
0.179487 0.053061 0.253463
0.205128 0.053061 0.284893
0.230769 0.053061 0.314476
0.256410 0.053061 0.342019
0.282051 0.053061 0.367344
0.307692 0.053061 0.390287
0.333333 0.053061 0.410698
0.358974 0.053061 0.428446
0.384615 0.053061 0.443415
0.410256 0.053061 0.455509
0.435897 0.053061 0.464648
0.461538 0.053061 0.470774
0.487179 0.053061 0.473847
0.512821 0.053061 0.473847
0.538462 0.053061 0.470774
0.564103 0.053061 0.464648
0.589744 0.053061 0.455509
0.615385 0.053061 0.443415
0.641026 0.053061 0.428446
0.666667 0.053061 0.410698
0.692308 0.053061 0.390287
0.717949 0.053061 0.367344
0.743590 0.053061 0.342019
0.769231 0.053061 0.314476
0.794872 0.053061 0.284893
0.820513 0.053061 0.253463
0.846154 0.053061 0.220389
0.871795 0.053061 0.185885
0.897436 0.053061 0.150176
0.923077 0.053061 0.113492
0.948718 0.053061 0.076073
0.974359 0.053061 0.038160
1.000000 0.053061 0.000000
0.000000 0.048980 0.000000
0.025641 0.048980 0.062956
0.051282 0.048980 0.125504
0.076923 0.048980 0.187238
0.102564 0.048980 0.247758
0.128205 0.048980 0.306670
0.153846 0.048980 0.363593
0.179487 0.048980 0.418158
0.205128 0.048980 0.470011
0.230769 0.048980 0.518815
0.256410 0.048980 0.564254
0.282051 0.048980 0.606034
0.307692 0.048980 0.643883
0.333333 0.048980 0.677557
0.358974 0.048980 0.706836
0.384615 0.048980 0.731531
0.410256 0.048980 0.751482
0.435897 0.048980 0.766559
0.461538 0.048980 0.776666
0.487179 0.048980 0.781735
0.512821 0.048980 0.781735
0.538462 0.048980 0.776666
0.564103 0.048980 0.766559
0.589744 0.048980 0.751482
0.615385 0.048980 0.731531
0.641026 0.048980 0.706836
0.666667 0.048980 0.677557
0.692308 0.048980 0.643883
0.717949 0.048980 0.606034
0.743590 0.048980 0.564254
0.769231 0.048980 0.518815
0.794872 0.048980 0.470011
0.820513 0.048980 0.418158
0.846154 0.048980 0.363593
0.871795 0.048980 0.306670
0.897436 0.048980 0.247758
0.923077 0.048980 0.187238
0.948718 0.048980 0.125504
0.974359 0.048980 0.062956
1.000000 0.048980 0.000000
0.000000 0.044898 0.000000
0.025641 0.044898 0.103868
0.051282 0.044898 0.207062
0.076923 0.044898 0.308913
0.102564 0.044898 0.408760
0.128205 0.044898 0.505955
0.153846 0.044898 0.599867
0.179487 0.044898 0.689888
0.205128 0.044898 0.775434
0.230769 0.044898 0.855949
0.256410 0.044898 0.930913
0.282051 0.044898 0.999838
0.307692 0.044898 1.062278
0.333333 0.044898 1.117829
0.358974 0.044898 1.166131
0.384615 0.044898 1.206870
0.410256 0.044898 1.239782
0.435897 0.044898 1.264655
0.461538 0.044898 1.281326
0.487179 0.044898 1.289689
0.512821 0.044898 1.289689
0.538462 0.044898 1.281326
0.564103 0.044898 1.264655
0.589744 0.044898 1.239782
0.615385 0.044898 1.206870
0.641026 0.044898 1.166131
0.666667 0.044898 1.117829
0.692308 0.044898 1.062278
0.717949 0.044898 0.999838
0.743590 0.044898 0.930913
0.769231 0.044898 0.855949
0.794872 0.044898 0.775434
0.820513 0.044898 0.689888
0.846154 0.044898 0.599867
0.871795 0.044898 0.505955
0.897436 0.044898 0.408760
0.923077 0.044898 0.308913
0.948718 0.044898 0.207062
0.974359 0.044898 0.103868
1.000000 0.044898 0.000000
0.000000 0.040816 0.000000
0.025641 0.040816 0.171375
0.051282 0.040816 0.341637
0.076923 0.040816 0.509682
0.102564 0.040816 0.674418
0.128205 0.040816 0.834776
0.153846 0.040816 0.989716
0.179487 0.040816 1.138233
0.205128 0.040816 1.279363
0.230769 0.040816 1.412192
0.256410 0.040816 1.535859
0.282051 0.040816 1.649562
0.307692 0.040816 1.752564
0.333333 0.040816 1.844199
0.358974 0.040816 1.923875
0.384615 0.040816 1.991074
0.410256 0.040816 2.045362
0.435897 0.040816 2.086389
0.461538 0.040816 2.113888
0.487179 0.040816 2.127682
0.512821 0.040816 2.127682
0.538462 0.040816 2.113888
0.564103 0.040816 2.086389
0.589744 0.040816 2.045362
0.615385 0.040816 1.991074
0.641026 0.040816 1.923875
0.666667 0.040816 1.844199
0.692308 0.040816 1.752564
0.717949 0.040816 1.649562
0.743590 0.040816 1.535859
0.769231 0.040816 1.412192
0.794872 0.040816 1.279363
0.820513 0.040816 1.138233
0.846154 0.040816 0.989716
0.871795 0.040816 0.834776
0.897436 0.040816 0.674418
0.923077 0.040816 0.509682
0.948718 0.040816 0.341637
0.974359 0.040816 0.171375
1.000000 0.040816 0.000000
0.000000 0.036735 0.000000
0.025641 0.036735 0.282787
0.051282 0.036735 0.563736
0.076923 0.036735 0.841020
0.102564 0.036735 1.112837
0.128205 0.036735 1.377421
0.153846 0.036735 1.633055
0.179487 0.036735 1.878079
0.205128 0.036735 2.110905
0.230769 0.036735 2.330023
0.256410 0.036735 2.534014
0.282051 0.036735 2.721559
0.307692 0.036735 2.891445
0.333333 0.036735 3.042574
0.358974 0.036735 3.173971
0.384615 0.036735 3.284789
0.410256 0.036735 3.374312
0.435897 0.036735 3.441963
0.461538 0.036735 3.487308
0.487179 0.036735 3.510053
0.512821 0.036735 3.510053
0.538462 0.036735 3.487308
0.564103 0.036735 3.441963
0.589744 0.036735 3.374312
0.615385 0.036735 3.284789
0.641026 0.036735 3.173971
0.666667 0.036735 3.042574
0.692308 0.036735 2.891445
0.717949 0.036735 2.721559
0.743590 0.036735 2.534014
0.769231 0.036735 2.330023
0.794872 0.036735 2.110905
0.820513 0.036735 1.878079
0.846154 0.036735 1.633055
0.871795 0.036735 1.377421
0.897436 0.036735 1.112837
0.923077 0.036735 0.841020
0.948718 0.036735 0.563736
0.974359 0.036735 0.282787
1.000000 0.036735 0.000000
0.000000 0.032653 0.000000
0.025641 0.032653 0.466754
0.051282 0.032653 0.930463
0.076923 0.032653 1.388102
0.102564 0.032653 1.836687
0.128205 0.032653 2.273298
0.153846 0.032653 2.695095
0.179487 0.032653 3.099337
0.205128 0.032653 3.483403
0.230769 0.032653 3.844807
0.256410 0.032653 4.181214
0.282051 0.032653 4.490455
0.307692 0.032653 4.770538
0.333333 0.032653 5.019664
0.358974 0.032653 5.236237
0.384615 0.032653 5.418869
0.410256 0.032653 5.566393
0.435897 0.032653 5.677867
0.461538 0.032653 5.752580
0.487179 0.032653 5.790056
0.512821 0.032653 5.790056
0.538462 0.032653 5.752580
0.564103 0.032653 5.677867
0.589744 0.032653 5.566393
0.615385 0.032653 5.418869
0.641026 0.032653 5.236237
0.666667 0.032653 5.019664
0.692308 0.032653 4.770538
0.717949 0.032653 4.490455
0.743590 0.032653 4.181214
0.769231 0.032653 3.844807
0.794872 0.032653 3.483403
0.820513 0.032653 3.099337
0.846154 0.032653 2.695095
0.871795 0.032653 2.273298
0.897436 0.032653 1.836687
0.923077 0.032653 1.388102
0.948718 0.032653 0.930463
0.974359 0.032653 0.466754
1.000000 0.032653 0.000000
0.000000 0.028571 0.000000
0.025641 0.028571 0.770906
0.051282 0.028571 1.536738
0.076923 0.028571 2.292457
0.102564 0.028571 3.033102
0.128205 0.028571 3.753820
0.153846 0.028571 4.449902
0.179487 0.028571 5.116817
0.205128 0.028571 5.750242
0.230769 0.028571 6.346088
0.256410 0.028571 6.900526
0.282051 0.028571 7.410012
0.307692 0.028571 7.871301
0.333333 0.028571 8.281473
0.358974 0.028571 8.637939
0.384615 0.028571 8.938461
0.410256 0.028571 9.181157
0.435897 0.028571 9.364512
0.461538 0.028571 9.487386
0.487179 0.028571 9.549014
0.512821 0.028571 9.549014
0.538462 0.028571 9.487386
0.564103 0.028571 9.364512
0.589744 0.028571 9.181157
0.615385 0.028571 8.938461
0.641026 0.028571 8.637939
0.666667 0.028571 8.281473
0.692308 0.028571 7.871301
0.717949 0.028571 7.410012
0.743590 0.028571 6.900526
0.769231 0.028571 6.346088
0.794872 0.028571 5.750242
0.820513 0.028571 5.116817
0.846154 0.028571 4.449902
0.871795 0.028571 3.753820
0.897436 0.028571 3.033102
0.923077 0.028571 2.292457
0.948718 0.028571 1.536738
0.974359 0.028571 0.770906
1.000000 0.028571 0.000000
0.000000 0.024490 0.000000
0.025641 0.024490 1.275326
0.051282 0.024490 2.542070
0.076923 0.024490 3.791726
0.102564 0.024490 5.015936
0.128205 0.024490 6.206560
0.153846 0.024490 7.355742
0.179487 0.024490 8.455966
0.205128 0.024490 9.500108
0.230769 0.024490 10.481481
0.256410 0.024490 11.393872
0.282051 0.024490 12.231571
0.307692 0.024490 12.989397
0.333333 0.024490 13.662715
0.358974 0.024490 14.247452
0.384615 0.024490 14.740103
0.410256 0.024490 15.137742
0.435897 0.024490 15.438026
0.461538 0.024490 15.639193
0.487179 0.024490 15.740070
0.512821 0.024490 15.740070
0.538462 0.024490 15.639193
0.564103 0.024490 15.438026
0.589744 0.024490 15.137742
0.615385 0.024490 14.740103
0.641026 0.024490 14.247452
0.666667 0.024490 13.662715
0.692308 0.024490 12.989397
0.717949 0.024490 12.231571
0.743590 0.024490 11.393872
0.769231 0.024490 10.481481
0.794872 0.024490 9.500108
0.820513 0.024490 8.455966
0.846154 0.024490 7.355742
0.871795 0.024490 6.206560
0.897436 0.024490 5.015936
0.923077 0.024490 3.791726
0.948718 0.024490 2.542070
0.974359 0.024490 1.275326
1.000000 0.024490 0.000000
0.000000 0.020408 0.000000
0.025641 0.020408 2.118416
0.051282 0.020408 4.221772
0.076923 0.020408 6.295199
0.102564 0.020408 8.324196
0.128205 0.020408 10.294792
0.153846 0.020408 12.193683
0.179487 0.020408 14.008340
0.205128 0.020408 15.727096
0.230769 0.020408 17.339201
0.256410 0.020408 18.834862
0.282051 0.020408 20.205252
0.307692 0.020408 21.442518
0.333333 0.020408 22.539764
0.358974 0.020408 23.491037
0.384615 0.020408 24.291300
0.410256 0.020408 24.936407
0.435897 0.020408 25.423074
0.461538 0.020408 25.748864
0.487179 0.020408 25.912161
0.512821 0.020408 25.912161
0.538462 0.020408 25.748864
0.564103 0.020408 25.423074
0.589744 0.020408 24.936407
0.615385 0.020408 24.291300
0.641026 0.020408 23.491037
0.666667 0.020408 22.539764
0.692308 0.020408 21.442518
0.717949 0.020408 20.205252
0.743590 0.020408 18.834862
0.769231 0.020408 17.339201
0.794872 0.020408 15.727096
0.820513 0.020408 14.008340
0.846154 0.020408 12.193683
0.871795 0.020408 10.294792
0.897436 0.020408 8.324196
0.923077 0.020408 6.295199
0.948718 0.020408 4.221772
0.974359 0.020408 2.118416
1.000000 0.020408 0.000000
0.000000 0.016327 0.000000
0.025641 0.016327 3.555815
0.051282 0.016327 7.082607
0.076923 0.016327 10.552067
0.102564 0.016327 13.937207
0.128205 0.016327 17.212828
0.153846 0.016327 20.355825
0.179487 0.016327 23.345364
0.205128 0.016327 26.162940
0.230769 0.016327 28.792340
0.256410 0.016327 31.219546
0.282051 0.016327 33.432588
0.307692 0.016327 35.421377
0.333333 0.016327 37.177514
0.358974 0.016327 38.694116
0.384615 0.016327 39.965638
0.410256 0.016327 40.987715
0.435897 0.016327 41.757026
0.461538 0.016327 42.271182
0.487179 0.016327 42.528638
0.512821 0.016327 42.528638
0.538462 0.016327 42.271182
0.564103 0.016327 41.757026
0.589744 0.016327 40.987715
0.615385 0.016327 39.965638
0.641026 0.016327 38.694116
0.666667 0.016327 37.177514
0.692308 0.016327 35.421377
0.717949 0.016327 33.432588
0.743590 0.016327 31.219546
0.769231 0.016327 28.792340
0.794872 0.016327 26.162940
0.820513 0.016327 23.345364
0.846154 0.016327 20.355825
0.871795 0.016327 17.212828
0.897436 0.016327 13.937207
0.923077 0.016327 10.552067
0.948718 0.016327 7.082607
0.974359 0.016327 3.555815
1.000000 0.016327 0.000000
0.000000 0.012245 0.000000
0.025641 0.012245 6.138580
0.051282 0.012245 12.206016
0.076923 0.012245 18.136518
0.102564 0.012245 23.872335
0.128205 0.012245 29.364752
0.153846 0.012245 34.574035
0.179487 0.012245 39.468787
0.205128 0.012245 44.024985
0.230769 0.012245 48.224898
0.256410 0.012245 52.056001
0.282051 0.012245 55.509941
0.307692 0.012245 58.581608
0.333333 0.012245 61.268315
0.358974 0.012245 63.569097
0.384615 0.012245 65.484122
0.410256 0.012245 67.014212
0.435897 0.012245 68.160456
0.461538 0.012245 68.923921
0.487179 0.012245 69.305429
0.512821 0.012245 69.305429
0.538462 0.012245 68.923921
0.564103 0.012245 68.160456
0.589744 0.012245 67.014212
0.615385 0.012245 65.484122
0.641026 0.012245 63.569097
0.666667 0.012245 61.268315
0.692308 0.012245 58.581608
0.717949 0.012245 55.509941
0.743590 0.012245 52.056001
0.769231 0.012245 48.224898
0.794872 0.012245 44.024985
0.820513 0.012245 39.468787
0.846154 0.012245 34.574035
0.871795 0.012245 29.364752
0.897436 0.012245 23.872335
0.923077 0.012245 18.136518
0.948718 0.012245 12.206016
0.974359 0.012245 6.138580
1.000000 0.012245 0.000000
0.000000 0.008163 0.000000
0.025641 0.008163 11.528974
0.051282 0.008163 22.733445
0.076923 0.008163 33.404019
0.102564 0.008163 43.413063
0.128205 0.008163 52.690293
0.153846 0.008163 61.204972
0.179487 0.008163 68.952982
0.205128 0.008163 75.947491
0.230769 0.008163 82.212259
0.256410 0.008163 87.776870
0.282051 0.008163 92.673378
0.307692 0.008163 96.933965
0.333333 0.008163 100.589337
0.358974 0.008163 103.667643
0.384615 0.008163 106.193759
0.410256 0.008163 108.188833
0.435897 0.008163 109.670001
0.461538 0.008163 110.650214
0.487179 0.008163 111.138146
0.512821 0.008163 111.138146
0.538462 0.008163 110.650214
0.564103 0.008163 109.670001
0.589744 0.008163 108.188833
0.615385 0.008163 106.193759
0.641026 0.008163 103.667643
0.666667 0.008163 100.589337
0.692308 0.008163 96.933965
0.717949 0.008163 92.673378
0.743590 0.008163 87.776870
0.769231 0.008163 82.212259
0.794872 0.008163 75.947491
0.820513 0.008163 68.952982
0.846154 0.008163 61.204972
0.871795 0.008163 52.690293
0.897436 0.008163 43.413063
0.923077 0.008163 33.404019
0.948718 0.008163 22.733445
0.974359 0.008163 11.528974
1.000000 0.008163 0.000000
0.000000 0.004082 0.000000
0.025641 0.004082 29.725607
0.051282 0.004082 54.330676
0.076923 0.004082 74.778251
0.102564 0.004082 91.834203
0.128205 0.004082 106.109288
0.153846 0.004082 118.091869
0.179487 0.004082 128.173455
0.205128 0.004082 136.668637
0.230769 0.004082 143.830706
0.256410 0.004082 149.863881
0.282051 0.004082 154.932914
0.307692 0.004082 159.170621
0.333333 0.004082 162.683804
0.358974 0.004082 165.557883
0.384615 0.004082 167.860511
0.410256 0.004082 169.644370
0.435897 0.004082 170.949311
0.461538 0.004082 171.803936
0.487179 0.004082 172.226717
0.512821 0.004082 172.226717
0.538462 0.004082 171.803936
0.564103 0.004082 170.949311
0.589744 0.004082 169.644370
0.615385 0.004082 167.860511
0.641026 0.004082 165.557883
0.666667 0.004082 162.683804
0.692308 0.004082 159.170621
0.717949 0.004082 154.932914
0.743590 0.004082 149.863881
0.769231 0.004082 143.830706
0.794872 0.004082 136.668637
0.820513 0.004082 128.173455
0.846154 0.004082 118.091869
0.871795 0.004082 106.109288
0.897436 0.004082 91.834203
0.923077 0.004082 74.778251
0.948718 0.004082 54.330676
0.974359 0.004082 29.725607
1.000000 0.004082 0.000000
0.000000 0.000000 250.000000
0.025641 0.000000 250.000000
0.051282 0.000000 250.000000
0.076923 0.000000 250.000000
0.102564 0.000000 250.000000
0.128205 0.000000 250.000000
0.153846 0.000000 250.000000
0.179487 0.000000 250.000000
0.205128 0.000000 250.000000
0.230769 0.000000 250.000000
0.256410 0.000000 250.000000
0.282051 0.000000 250.000000
0.307692 0.000000 250.000000
0.333333 0.000000 250.000000
0.358974 0.000000 250.000000
0.384615 0.000000 250.000000
0.410256 0.000000 250.000000
0.435897 0.000000 250.000000
0.461538 0.000000 250.000000
0.487179 0.000000 250.000000
0.512821 0.000000 250.000000
0.538462 0.000000 250.000000
0.564103 0.000000 250.000000
0.589744 0.000000 250.000000
0.615385 0.000000 250.000000
0.641026 0.000000 250.000000
0.666667 0.000000 250.000000
0.692308 0.000000 250.000000
0.717949 0.000000 250.000000
0.743590 0.000000 250.000000
0.769231 0.000000 250.000000
0.794872 0.000000 250.000000
0.820513 0.000000 250.000000
0.846154 0.000000 250.000000
0.871795 0.000000 250.000000
0.897436 0.000000 250.000000
0.923077 0.000000 250.000000
0.948718 0.000000 250.000000
0.974359 0.000000 250.000000
1.000000 0.000000 250.000000
